Time,Dual Fuel,Hydro,Natural Gas,Nuclear,Other Fossil Fuels,Other Renewables,Wind
2022-07-01 00:05:00-04:00,4160.0,2412.0,4257.0,3232.0,0.0,259.0,1091.0
2022-07-01 00:10:00-04:00,4187.0,2385.0,4218.0,3233.0,0.0,259.0,1098.0
2022-07-01 00:15:00-04:00,4177.0,2321.0,4203.0,3233.0,0.0,259.0,1109.0
2022-07-01 00:20:00-04:00,4182.0,2333.0,4162.0,3234.0,0.0,260.0,1114.0
2022-07-01 00:25:00-04:00,4101.0,2260.0,4142.0,3236.0,0.0,260.0,1127.0
2022-07-01 00:30:00-04:00,4023.0,2245.0,4137.0,3231.0,0.0,261.0,1133.0
2022-07-01 00:35:00-04:00,4007.0,2237.0,4113.0,3233.0,0.0,260.0,1143.0
2022-07-01 00:40:00-04:00,3993.0,2241.0,4077.0,3233.0,0.0,262.0,1148.0
2022-07-01 00:45:00-04:00,3893.0,2254.0,4041.0,3232.0,0.0,263.0,1149.0
2022-07-01 00:50:00-04:00,3836.0,2282.0,4019.0,3231.0,0.0,263.0,1149.0
2022-07-01 00:55:00-04:00,3774.0,2297.0,4014.0,3233.0,0.0,263.0,1144.0
2022-07-01 01:00:00-04:00,3756.0,2277.0,3973.0,3232.0,0.0,262.0,1152.0
2022-07-01 01:05:00-04:00,3732.0,2320.0,3921.0,3232.0,0.0,262.0,1158.0
2022-07-01 01:10:00-04:00,3735.0,2293.0,3818.0,3233.0,0.0,262.0,1155.0
2022-07-01 01:15:00-04:00,3761.0,2295.0,3757.0,3232.0,0.0,263.0,1146.0
2022-07-01 01:20:00-04:00,3726.0,2310.0,3798.0,3231.0,0.0,262.0,1139.0
2022-07-01 01:25:00-04:00,3728.0,2362.0,3778.0,3231.0,0.0,261.0,1128.0
2022-07-01 01:30:00-04:00,3712.0,2358.0,3724.0,3232.0,0.0,262.0,1123.0
2022-07-01 01:35:00-04:00,3714.0,2326.0,3718.0,3233.0,0.0,263.0,1109.0
2022-07-01 01:40:00-04:00,3713.0,2331.0,3706.0,3233.0,0.0,262.0,1102.0
2022-07-01 01:45:00-04:00,3699.0,2311.0,3659.0,3235.0,0.0,260.0,1093.0
2022-07-01 01:50:00-04:00,3708.0,2322.0,3632.0,3234.0,0.0,260.0,1101.0
2022-07-01 01:55:00-04:00,3686.0,2318.0,3597.0,3235.0,0.0,263.0,1096.0
2022-07-01 02:00:00-04:00,3698.0,2280.0,3606.0,3234.0,0.0,263.0,1101.0
2022-07-01 02:05:00-04:00,3667.0,2300.0,3635.0,3233.0,0.0,263.0,1084.0
2022-07-01 02:10:00-04:00,3573.0,2349.0,3637.0,3233.0,0.0,261.0,1080.0
2022-07-01 02:15:00-04:00,3541.0,2361.0,3658.0,3233.0,0.0,260.0,1074.0
2022-07-01 02:20:00-04:00,3526.0,2351.0,3677.0,3235.0,0.0,262.0,1057.0
2022-07-01 02:25:00-04:00,3530.0,2357.0,3670.0,3236.0,0.0,263.0,1050.0
2022-07-01 02:30:00-04:00,3525.0,2352.0,3644.0,3237.0,0.0,265.0,1058.0
2022-07-01 02:35:00-04:00,3514.0,2310.0,3580.0,3235.0,0.0,262.0,1045.0
2022-07-01 02:40:00-04:00,3521.0,2316.0,3504.0,3237.0,0.0,263.0,1052.0
2022-07-01 02:45:00-04:00,3521.0,2282.0,3471.0,3236.0,0.0,261.0,1061.0
2022-07-01 02:50:00-04:00,3522.0,2214.0,3469.0,3235.0,0.0,262.0,1069.0
2022-07-01 02:55:00-04:00,3514.0,2198.0,3448.0,3237.0,0.0,261.0,1073.0
2022-07-01 03:00:00-04:00,3521.0,2197.0,3446.0,3236.0,0.0,260.0,1089.0
2022-07-01 03:05:00-04:00,3546.0,2228.0,3492.0,3240.0,0.0,259.0,1090.0
2022-07-01 03:10:00-04:00,3548.0,2245.0,3529.0,3238.0,0.0,260.0,1101.0
2022-07-01 03:15:00-04:00,3543.0,2262.0,3490.0,3236.0,0.0,259.0,1109.0
2022-07-01 03:20:00-04:00,3532.0,2261.0,3407.0,3238.0,0.0,263.0,1121.0
2022-07-01 03:25:00-04:00,3531.0,2272.0,3334.0,3236.0,0.0,261.0,1129.0
2022-07-01 03:30:00-04:00,3529.0,2256.0,3321.0,3235.0,0.0,261.0,1141.0
2022-07-01 03:35:00-04:00,3532.0,2245.0,3347.0,3235.0,0.0,262.0,1154.0
2022-07-01 03:40:00-04:00,3531.0,2240.0,3330.0,3236.0,0.0,261.0,1159.0
2022-07-01 03:45:00-04:00,3531.0,2247.0,3277.0,3235.0,0.0,261.0,1154.0
2022-07-01 03:50:00-04:00,3530.0,2279.0,3245.0,3236.0,0.0,264.0,1160.0
2022-07-01 03:55:00-04:00,3533.0,2277.0,3232.0,3235.0,0.0,263.0,1167.0
2022-07-01 04:00:00-04:00,3517.0,2271.0,3229.0,3235.0,0.0,263.0,1176.0
2022-07-01 04:05:00-04:00,3511.0,2304.0,3243.0,3235.0,0.0,263.0,1178.0
2022-07-01 04:10:00-04:00,3508.0,2314.0,3265.0,3234.0,0.0,262.0,1182.0
2022-07-01 04:15:00-04:00,3502.0,2312.0,3281.0,3237.0,0.0,260.0,1173.0
2022-07-01 04:20:00-04:00,3500.0,2328.0,3287.0,3236.0,0.0,263.0,1172.0
2022-07-01 04:25:00-04:00,3504.0,2300.0,3288.0,3237.0,0.0,264.0,1167.0
2022-07-01 04:30:00-04:00,3504.0,2278.0,3286.0,3237.0,0.0,264.0,1166.0
2022-07-01 04:35:00-04:00,3510.0,2235.0,3307.0,3236.0,0.0,263.0,1160.0
2022-07-01 04:40:00-04:00,3508.0,2257.0,3316.0,3236.0,0.0,261.0,1151.0
2022-07-01 04:45:00-04:00,3508.0,2277.0,3304.0,3236.0,0.0,261.0,1144.0
2022-07-01 04:50:00-04:00,3507.0,2284.0,3284.0,3238.0,0.0,260.0,1148.0
2022-07-01 04:55:00-04:00,3507.0,2272.0,3294.0,3234.0,0.0,261.0,1167.0
2022-07-01 05:00:00-04:00,3525.0,2274.0,3297.0,3236.0,0.0,263.0,1179.0
2022-07-01 05:05:00-04:00,3620.0,2347.0,3415.0,3237.0,0.0,261.0,1185.0
2022-07-01 05:10:00-04:00,3644.0,2357.0,3560.0,3237.0,0.0,260.0,1193.0
2022-07-01 05:15:00-04:00,3646.0,2359.0,3620.0,3235.0,0.0,260.0,1204.0
2022-07-01 05:20:00-04:00,3649.0,2325.0,3659.0,3236.0,0.0,261.0,1205.0
2022-07-01 05:25:00-04:00,3647.0,2298.0,3668.0,3236.0,0.0,261.0,1205.0
2022-07-01 05:30:00-04:00,3637.0,2281.0,3665.0,3236.0,0.0,260.0,1202.0
2022-07-01 05:35:00-04:00,3636.0,2318.0,3708.0,3236.0,0.0,260.0,1200.0
2022-07-01 05:40:00-04:00,3639.0,2306.0,3734.0,3238.0,0.0,260.0,1202.0
2022-07-01 05:45:00-04:00,3649.0,2327.0,3735.0,3237.0,0.0,262.0,1199.0
2022-07-01 05:50:00-04:00,3671.0,2341.0,3725.0,3236.0,0.0,262.0,1197.0
2022-07-01 05:55:00-04:00,3740.0,2351.0,3693.0,3236.0,0.0,265.0,1192.0
2022-07-01 06:00:00-04:00,3755.0,2334.0,3556.0,3237.0,0.0,264.0,1199.0
2022-07-01 06:05:00-04:00,3653.0,2424.0,3488.0,3236.0,0.0,266.0,1203.0
2022-07-01 06:10:00-04:00,3713.0,2513.0,3624.0,3238.0,0.0,265.0,1204.0
2022-07-01 06:15:00-04:00,3726.0,2553.0,3707.0,3236.0,0.0,265.0,1193.0
2022-07-01 06:20:00-04:00,3711.0,2556.0,3760.0,3238.0,0.0,266.0,1189.0
2022-07-01 06:25:00-04:00,3706.0,2557.0,3812.0,3238.0,0.0,265.0,1185.0
2022-07-01 06:30:00-04:00,3700.0,2599.0,3860.0,3238.0,0.0,266.0,1181.0
2022-07-01 06:35:00-04:00,3718.0,2584.0,3930.0,3238.0,0.0,267.0,1181.0
2022-07-01 06:40:00-04:00,3715.0,2577.0,4022.0,3238.0,0.0,269.0,1176.0
2022-07-01 06:45:00-04:00,3716.0,2616.0,4085.0,3236.0,0.0,270.0,1170.0
2022-07-01 06:50:00-04:00,3738.0,2646.0,4163.0,3234.0,0.0,271.0,1164.0
2022-07-01 06:55:00-04:00,3776.0,2661.0,4254.0,3236.0,0.0,271.0,1158.0
2022-07-01 07:00:00-04:00,3815.0,2665.0,4321.0,3239.0,0.0,273.0,1152.0
2022-07-01 07:05:00-04:00,3884.0,2733.0,4302.0,3236.0,0.0,276.0,1141.0
2022-07-01 07:10:00-04:00,3962.0,2839.0,4350.0,3237.0,0.0,274.0,1133.0
2022-07-01 07:15:00-04:00,3984.0,2847.0,4387.0,3236.0,0.0,273.0,1116.0
2022-07-01 07:20:00-04:00,3976.0,2915.0,4449.0,3237.0,0.0,277.0,1097.0
2022-07-01 07:25:00-04:00,3986.0,2951.0,4518.0,3236.0,0.0,279.0,1084.0
2022-07-01 07:30:00-04:00,3998.0,3000.0,4550.0,3240.0,0.0,280.0,1067.0
2022-07-01 07:35:00-04:00,4000.0,3010.0,4574.0,3237.0,0.0,283.0,1047.0
2022-07-01 07:40:00-04:00,4010.0,2994.0,4638.0,3238.0,0.0,284.0,1031.0
2022-07-01 07:45:00-04:00,4017.0,2984.0,4735.0,3236.0,0.0,285.0,1019.0
2022-07-01 07:50:00-04:00,4023.0,2952.0,4835.0,3237.0,0.0,285.0,999.0
2022-07-01 07:55:00-04:00,4050.0,2963.0,4892.0,3236.0,0.0,279.0,983.0
2022-07-01 08:00:00-04:00,4140.0,2998.0,4844.0,3238.0,0.0,284.0,972.0
2022-07-01 08:05:00-04:00,4181.0,3092.0,4775.0,3239.0,0.0,286.0,949.0
2022-07-01 08:10:00-04:00,4227.0,3214.0,4818.0,3235.0,0.0,287.0,937.0
2022-07-01 08:15:00-04:00,4272.0,3241.0,4871.0,3235.0,0.0,290.0,915.0
2022-07-01 08:20:00-04:00,4307.0,3264.0,4909.0,3233.0,0.0,291.0,896.0
2022-07-01 08:25:00-04:00,4359.0,3245.0,4914.0,3235.0,0.0,296.0,879.0
2022-07-01 08:30:00-04:00,4477.0,3237.0,4903.0,3236.0,0.0,298.0,863.0
2022-07-01 08:35:00-04:00,4586.0,3221.0,4898.0,3235.0,0.0,297.0,846.0
2022-07-01 08:40:00-04:00,4636.0,3207.0,4921.0,3231.0,0.0,298.0,844.0
2022-07-01 08:45:00-04:00,4690.0,3202.0,4928.0,3234.0,0.0,299.0,840.0
2022-07-01 08:50:00-04:00,4731.0,3188.0,4899.0,3236.0,0.0,302.0,829.0
2022-07-01 08:55:00-04:00,4747.0,3137.0,4882.0,3236.0,0.0,303.0,815.0
2022-07-01 09:00:00-04:00,4790.0,3124.0,4908.0,3233.0,0.0,304.0,804.0
2022-07-01 09:05:00-04:00,4983.0,3164.0,4945.0,3232.0,8.0,302.0,787.0
2022-07-01 09:10:00-04:00,5099.0,3106.0,4992.0,3231.0,17.0,304.0,776.0
2022-07-01 09:15:00-04:00,5149.0,3102.0,4988.0,3231.0,17.0,305.0,746.0
2022-07-01 09:20:00-04:00,5177.0,3167.0,4970.0,3230.0,17.0,307.0,731.0
2022-07-01 09:25:00-04:00,5208.0,3182.0,4977.0,3231.0,17.0,310.0,716.0
2022-07-01 09:30:00-04:00,5256.0,3185.0,5019.0,3230.0,17.0,312.0,712.0
2022-07-01 09:35:00-04:00,5325.0,3175.0,5033.0,3230.0,17.0,312.0,694.0
2022-07-01 09:40:00-04:00,5395.0,3175.0,5039.0,3230.0,17.0,314.0,677.0
2022-07-01 09:45:00-04:00,5441.0,3228.0,5038.0,3231.0,17.0,315.0,670.0
2022-07-01 09:50:00-04:00,5464.0,3252.0,5037.0,3231.0,17.0,315.0,672.0
2022-07-01 09:55:00-04:00,5483.0,3264.0,5039.0,3231.0,17.0,316.0,666.0
2022-07-01 10:00:00-04:00,5478.0,3334.0,5036.0,3229.0,17.0,314.0,645.0
2022-07-01 10:05:00-04:00,5477.0,3386.0,5032.0,3228.0,17.0,317.0,629.0
2022-07-01 10:10:00-04:00,5523.0,3288.0,5026.0,3229.0,17.0,318.0,634.0
2022-07-01 10:15:00-04:00,5641.0,3379.0,4980.0,3228.0,17.0,318.0,632.0
2022-07-01 10:20:00-04:00,5758.0,3390.0,4932.0,3227.0,17.0,316.0,637.0
2022-07-01 10:25:00-04:00,5836.0,3385.0,4906.0,3228.0,17.0,317.0,672.0
2022-07-01 10:30:00-04:00,5916.0,3411.0,4860.0,3227.0,17.0,319.0,700.0
2022-07-01 10:35:00-04:00,6027.0,3438.0,4842.0,3228.0,17.0,317.0,714.0
2022-07-01 10:40:00-04:00,6099.0,3464.0,4859.0,3227.0,17.0,316.0,715.0
2022-07-01 10:43:54-04:00,6131.0,3484.0,4868.0,3227.0,26.0,318.0,727.0
2022-07-01 10:45:00-04:00,6159.0,3551.0,4883.0,3228.0,56.0,318.0,736.0
2022-07-01 10:46:00-04:00,6209.0,3615.0,4920.0,3226.0,62.0,317.0,738.0
2022-07-01 10:50:00-04:00,6293.0,3604.0,4973.0,3224.0,64.0,313.0,731.0
2022-07-01 10:55:00-04:00,6419.0,3602.0,5034.0,3229.0,65.0,315.0,746.0
2022-07-01 11:00:00-04:00,6536.0,3525.0,5124.0,3227.0,65.0,315.0,747.0
2022-07-01 11:05:00-04:00,6629.0,3522.0,5222.0,3230.0,65.0,320.0,737.0
2022-07-01 11:10:00-04:00,6791.0,3512.0,5294.0,3227.0,65.0,319.0,749.0
2022-07-01 11:15:00-04:00,6854.0,3498.0,5295.0,3228.0,65.0,316.0,719.0
2022-07-01 11:20:00-04:00,6949.0,3427.0,5257.0,3226.0,65.0,315.0,675.0
2022-07-01 11:25:00-04:00,7013.0,3363.0,5254.0,3228.0,65.0,315.0,674.0
2022-07-01 11:30:00-04:00,7078.0,3421.0,5264.0,3227.0,65.0,319.0,679.0
2022-07-01 11:35:00-04:00,7128.0,3447.0,5271.0,3227.0,65.0,316.0,668.0
2022-07-01 11:40:00-04:00,7210.0,3465.0,5326.0,3226.0,65.0,318.0,668.0
2022-07-01 11:45:00-04:00,7262.0,3465.0,5345.0,3229.0,65.0,314.0,632.0
2022-07-01 11:50:00-04:00,7326.0,3502.0,5360.0,3226.0,65.0,315.0,617.0
2022-07-01 11:55:00-04:00,7340.0,3527.0,5401.0,3227.0,65.0,317.0,576.0
2022-07-01 12:00:00-04:00,7361.0,3590.0,5418.0,3231.0,65.0,318.0,497.0
2022-07-01 12:05:00-04:00,7428.0,3598.0,5490.0,3227.0,65.0,320.0,471.0
2022-07-01 12:10:00-04:00,7501.0,3594.0,5550.0,3228.0,65.0,320.0,458.0
2022-07-01 12:15:00-04:00,7595.0,3659.0,5560.0,3228.0,65.0,323.0,447.0
2022-07-01 12:20:00-04:00,7710.0,3688.0,5538.0,3230.0,65.0,321.0,435.0
2022-07-01 12:25:00-04:00,7816.0,3689.0,5556.0,3230.0,65.0,320.0,430.0
2022-07-01 12:30:00-04:00,7919.0,3756.0,5598.0,3230.0,65.0,321.0,430.0
2022-07-01 12:35:00-04:00,7986.0,3851.0,5599.0,3229.0,65.0,322.0,422.0
2022-07-01 12:40:00-04:00,8038.0,3898.0,5591.0,3232.0,65.0,320.0,440.0
2022-07-01 12:45:00-04:00,8117.0,3862.0,5621.0,3232.0,65.0,320.0,451.0
2022-07-01 12:50:00-04:00,8180.0,3841.0,5669.0,3231.0,65.0,321.0,505.0
2022-07-01 12:55:00-04:00,8241.0,3797.0,5663.0,3231.0,65.0,318.0,553.0
2022-07-01 13:00:00-04:00,8265.0,3835.0,5654.0,3231.0,65.0,315.0,591.0
2022-07-01 13:05:00-04:00,8241.0,3874.0,5650.0,3230.0,65.0,317.0,619.0
2022-07-01 13:10:00-04:00,8242.0,3926.0,5643.0,3232.0,65.0,318.0,660.0
2022-07-01 13:15:00-04:00,8279.0,3990.0,5628.0,3232.0,65.0,319.0,675.0
2022-07-01 13:20:00-04:00,8249.0,4012.0,5611.0,3228.0,65.0,315.0,657.0
2022-07-01 13:25:00-04:00,8221.0,4108.0,5556.0,3229.0,65.0,320.0,680.0
2022-07-01 13:30:00-04:00,8242.0,4174.0,5530.0,3229.0,65.0,325.0,673.0
2022-07-01 13:35:00-04:00,8280.0,4121.0,5546.0,3229.0,65.0,324.0,717.0
2022-07-01 13:40:00-04:00,8310.0,4038.0,5538.0,3227.0,65.0,325.0,743.0
2022-07-01 13:45:00-04:00,8336.0,4059.0,5520.0,3228.0,65.0,314.0,775.0
2022-07-01 13:50:00-04:00,8305.0,4077.0,5523.0,3225.0,65.0,315.0,779.0
2022-07-01 13:55:00-04:00,8292.0,4079.0,5532.0,3226.0,65.0,323.0,768.0
2022-07-01 14:00:00-04:00,8308.0,4094.0,5543.0,3226.0,65.0,321.0,781.0
2022-07-01 14:05:00-04:00,8295.0,4028.0,5542.0,3224.0,65.0,321.0,774.0
2022-07-01 14:10:00-04:00,8315.0,4020.0,5507.0,3224.0,65.0,326.0,805.0
2022-07-01 14:15:00-04:00,8373.0,3948.0,5543.0,3226.0,65.0,325.0,805.0
2022-07-01 14:20:00-04:00,8403.0,3909.0,5591.0,3224.0,65.0,317.0,784.0
2022-07-01 14:25:00-04:00,8435.0,3941.0,5615.0,3225.0,65.0,310.0,759.0
2022-07-01 14:30:00-04:00,8450.0,3978.0,5608.0,3226.0,65.0,312.0,774.0
2022-07-01 14:35:00-04:00,8494.0,4049.0,5607.0,3224.0,65.0,312.0,773.0
2022-07-01 14:40:00-04:00,8518.0,4128.0,5609.0,3224.0,65.0,317.0,746.0
2022-07-01 14:45:00-04:00,8545.0,4192.0,5584.0,3226.0,65.0,314.0,715.0
2022-07-01 14:50:00-04:00,8604.0,4272.0,5579.0,3222.0,65.0,309.0,675.0
2022-07-01 14:55:00-04:00,8654.0,4349.0,5595.0,3224.0,65.0,320.0,644.0
2022-07-01 15:00:00-04:00,8787.0,4273.0,5596.0,3225.0,65.0,316.0,634.0
2022-07-01 15:00:06-04:00,8786.0,4221.0,5577.0,3222.0,65.0,315.0,622.0
2022-07-01 15:01:36-04:00,8777.0,4211.0,5567.0,3223.0,65.0,315.0,621.0
2022-07-01 15:05:00-04:00,8775.0,4205.0,5584.0,3223.0,65.0,315.0,624.0
2022-07-01 15:10:00-04:00,8802.0,4264.0,5597.0,3222.0,69.0,311.0,640.0
2022-07-01 15:15:00-04:00,8853.0,4268.0,5578.0,3222.0,74.0,315.0,611.0
2022-07-01 15:15:36-04:00,8880.0,4203.0,5536.0,3221.0,74.0,314.0,591.0
2022-07-01 15:17:06-04:00,8882.0,4200.0,5534.0,3221.0,74.0,315.0,574.0
2022-07-01 15:20:00-04:00,8870.0,4221.0,5521.0,3220.0,74.0,324.0,542.0
2022-07-01 15:25:00-04:00,8857.0,4228.0,5536.0,3220.0,74.0,323.0,502.0
2022-07-01 15:30:00-04:00,8866.0,4231.0,5543.0,3220.0,74.0,320.0,495.0
2022-07-01 15:35:00-04:00,8898.0,4209.0,5537.0,3219.0,74.0,321.0,490.0
2022-07-01 15:40:00-04:00,8925.0,4239.0,5558.0,3217.0,74.0,324.0,483.0
2022-07-01 15:45:00-04:00,8959.0,4326.0,5581.0,3218.0,74.0,322.0,476.0
2022-07-01 15:50:00-04:00,8987.0,4390.0,5611.0,3221.0,74.0,320.0,492.0
2022-07-01 15:55:00-04:00,9001.0,4443.0,5652.0,3226.0,74.0,316.0,492.0
2022-07-01 16:00:00-04:00,9024.0,4464.0,5660.0,3227.0,74.0,316.0,486.0
2022-07-01 16:05:00-04:00,9051.0,4449.0,5665.0,3223.0,74.0,319.0,486.0
2022-07-01 16:10:00-04:00,9078.0,4444.0,5660.0,3223.0,74.0,319.0,497.0
2022-07-01 16:15:00-04:00,9100.0,4450.0,5686.0,3226.0,74.0,316.0,518.0
2022-07-01 16:20:00-04:00,9119.0,4447.0,5720.0,3225.0,74.0,318.0,532.0
2022-07-01 16:25:00-04:00,9124.0,4451.0,5754.0,3227.0,74.0,316.0,551.0
2022-07-01 16:30:00-04:00,9138.0,4450.0,5779.0,3226.0,74.0,314.0,569.0
2022-07-01 16:35:00-04:00,9132.0,4485.0,5803.0,3229.0,74.0,312.0,567.0
2022-07-01 16:40:00-04:00,9071.0,4634.0,5827.0,3229.0,74.0,311.0,550.0
2022-07-01 16:40:18-04:00,9073.0,4692.0,5842.0,3232.0,74.0,307.0,554.0
2022-07-01 16:41:30-04:00,9082.0,4699.0,5841.0,3226.0,74.0,305.0,552.0
2022-07-01 16:45:00-04:00,9078.0,4794.0,5852.0,3229.0,74.0,304.0,560.0
2022-07-01 16:50:00-04:00,9094.0,4867.0,5875.0,3229.0,74.0,303.0,567.0
2022-07-01 16:55:00-04:00,9086.0,4832.0,5913.0,3231.0,74.0,300.0,571.0
2022-07-01 17:00:00-04:00,9092.0,4777.0,5923.0,3230.0,74.0,287.0,580.0
2022-07-01 17:05:00-04:00,9089.0,4683.0,5901.0,3228.0,74.0,288.0,583.0
2022-07-01 17:10:00-04:00,9042.0,4620.0,5876.0,3227.0,80.0,289.0,569.0
2022-07-01 17:10:18-04:00,9031.0,4591.0,5868.0,3231.0,80.0,288.0,594.0
2022-07-01 17:11:30-04:00,9037.0,4600.0,5865.0,3226.0,80.0,289.0,597.0
2022-07-01 17:15:00-04:00,9050.0,4595.0,5870.0,3227.0,80.0,289.0,621.0
2022-07-01 17:20:00-04:00,9006.0,4607.0,5879.0,3228.0,80.0,282.0,643.0
2022-07-01 17:25:00-04:00,8964.0,4611.0,5904.0,3227.0,80.0,284.0,629.0
2022-07-01 17:30:00-04:00,8997.0,4553.0,5943.0,3226.0,80.0,276.0,584.0
2022-07-01 17:35:00-04:00,8975.0,4580.0,5966.0,3229.0,80.0,274.0,604.0
2022-07-01 17:40:00-04:00,8925.0,4624.0,5991.0,3229.0,80.0,282.0,597.0
2022-07-01 17:45:00-04:00,8925.0,4601.0,6002.0,3229.0,80.0,283.0,591.0
2022-07-01 17:50:00-04:00,8876.0,4587.0,5973.0,3228.0,81.0,286.0,581.0
2022-07-01 17:55:00-04:00,8798.0,4675.0,5923.0,3227.0,81.0,282.0,575.0
2022-07-01 18:00:00-04:00,8770.0,4750.0,5868.0,3226.0,81.0,273.0,546.0
2022-07-01 18:05:00-04:00,8753.0,4740.0,5844.0,3224.0,81.0,273.0,577.0
2022-07-01 18:10:00-04:00,8714.0,4662.0,5859.0,3227.0,81.0,275.0,604.0
2022-07-01 18:15:00-04:00,8706.0,4585.0,5877.0,3226.0,81.0,273.0,625.0
2022-07-01 18:20:00-04:00,8710.0,4616.0,5885.0,3225.0,81.0,270.0,649.0
2022-07-01 18:25:00-04:00,8709.0,4639.0,5876.0,3225.0,81.0,270.0,654.0
2022-07-01 18:30:00-04:00,8711.0,4622.0,5860.0,3222.0,81.0,269.0,672.0
2022-07-01 18:35:00-04:00,8711.0,4498.0,5834.0,3224.0,81.0,268.0,739.0
2022-07-01 18:40:00-04:00,8704.0,4360.0,5790.0,3223.0,81.0,265.0,869.0
2022-07-01 18:45:00-04:00,8637.0,4243.0,5762.0,3223.0,81.0,263.0,864.0
2022-07-01 18:45:24-04:00,8537.0,4226.0,5750.0,3220.0,81.0,261.0,821.0
2022-07-01 18:47:56-04:00,8542.0,4295.0,5749.0,3223.0,81.0,261.0,789.0
2022-07-01 18:50:00-04:00,8541.0,4394.0,5756.0,3221.0,81.0,260.0,749.0
2022-07-01 18:55:00-04:00,8544.0,4401.0,5749.0,3221.0,81.0,260.0,695.0
2022-07-01 19:00:00-04:00,8540.0,4344.0,5755.0,3222.0,81.0,257.0,657.0
2022-07-01 19:05:00-04:00,8479.0,4290.0,5783.0,3222.0,81.0,254.0,646.0
2022-07-01 19:10:00-04:00,8469.0,4248.0,5787.0,3221.0,81.0,254.0,667.0
2022-07-01 19:15:00-04:00,8472.0,4169.0,5779.0,3222.0,81.0,257.0,677.0
2022-07-01 19:20:00-04:00,8458.0,4043.0,5784.0,3221.0,81.0,255.0,690.0
2022-07-01 19:25:00-04:00,8447.0,3988.0,5751.0,3220.0,81.0,255.0,721.0
2022-07-01 19:30:00-04:00,8441.0,3897.0,5723.0,3221.0,81.0,257.0,757.0
2022-07-01 19:35:00-04:00,8435.0,3823.0,5641.0,3219.0,81.0,257.0,788.0
2022-07-01 19:40:00-04:00,8411.0,3767.0,5576.0,3217.0,81.0,256.0,798.0
2022-07-01 19:45:00-04:00,8395.0,3671.0,5539.0,3219.0,81.0,255.0,802.0
2022-07-01 19:50:00-04:00,8357.0,3655.0,5538.0,3218.0,81.0,257.0,818.0
2022-07-01 19:55:00-04:00,8326.0,3613.0,5545.0,3221.0,81.0,257.0,838.0
2022-07-01 20:00:00-04:00,8224.0,3547.0,5527.0,3220.0,81.0,257.0,858.0
2022-07-01 20:05:00-04:00,8115.0,3555.0,5459.0,3220.0,81.0,256.0,894.0
2022-07-01 20:10:00-04:00,8079.0,3564.0,5424.0,3219.0,81.0,255.0,908.0
2022-07-01 20:15:00-04:00,8051.0,3464.0,5393.0,3219.0,79.0,256.0,897.0
2022-07-01 20:20:00-04:00,8048.0,3433.0,5374.0,3219.0,75.0,255.0,874.0
2022-07-01 20:25:00-04:00,8019.0,3493.0,5360.0,3221.0,75.0,255.0,893.0
2022-07-01 20:30:00-04:00,8014.0,3505.0,5361.0,3220.0,75.0,254.0,919.0
2022-07-01 20:35:00-04:00,8001.0,3537.0,5366.0,3219.0,75.0,254.0,956.0
2022-07-01 20:40:00-04:00,7981.0,3519.0,5341.0,3221.0,69.0,255.0,995.0
2022-07-01 20:45:00-04:00,7963.0,3439.0,5340.0,3222.0,65.0,256.0,1029.0
2022-07-01 20:50:00-04:00,7938.0,3416.0,5350.0,3219.0,65.0,257.0,1056.0
2022-07-01 20:55:00-04:00,7875.0,3401.0,5355.0,3220.0,65.0,257.0,1068.0
2022-07-01 21:00:00-04:00,7843.0,3349.0,5387.0,3221.0,65.0,256.0,1065.0
2022-07-01 21:05:00-04:00,7791.0,3226.0,5457.0,3221.0,66.0,258.0,1072.0
2022-07-01 21:10:00-04:00,7721.0,3162.0,5459.0,3220.0,66.0,260.0,1051.0
2022-07-01 21:15:00-04:00,7693.0,3156.0,5423.0,3220.0,66.0,259.0,1017.0
2022-07-01 21:20:00-04:00,7689.0,3155.0,5368.0,3220.0,66.0,260.0,978.0
2022-07-01 21:25:00-04:00,7600.0,3155.0,5337.0,3221.0,63.0,261.0,970.0
2022-07-01 21:30:00-04:00,7531.0,3115.0,5343.0,3223.0,49.0,262.0,944.0
2022-07-01 21:35:00-04:00,7495.0,3107.0,5347.0,3220.0,48.0,261.0,929.0
2022-07-01 21:40:00-04:00,7450.0,3148.0,5345.0,3221.0,48.0,261.0,924.0
2022-07-01 21:45:00-04:00,7320.0,3133.0,5375.0,3221.0,48.0,262.0,922.0
2022-07-01 21:50:00-04:00,7050.0,3150.0,5384.0,3220.0,48.0,261.0,915.0
2022-07-01 21:55:00-04:00,6949.0,3133.0,5344.0,3219.0,48.0,261.0,928.0
2022-07-01 22:00:00-04:00,6822.0,3087.0,5290.0,3221.0,48.0,260.0,943.0
2022-07-01 22:05:00-04:00,6720.0,3014.0,5111.0,3221.0,48.0,262.0,908.0
2022-07-01 22:10:00-04:00,6590.0,2963.0,5069.0,3219.0,49.0,263.0,977.0
2022-07-01 22:15:00-04:00,6413.0,2918.0,5062.0,3220.0,49.0,262.0,1078.0
2022-07-01 22:20:00-04:00,6278.0,2937.0,5063.0,3220.0,48.0,259.0,1083.0
2022-07-01 22:25:00-04:00,6195.0,2938.0,5061.0,3221.0,48.0,259.0,1054.0
2022-07-01 22:30:00-04:00,6050.0,2978.0,5060.0,3220.0,48.0,261.0,1037.0
2022-07-01 22:35:00-04:00,5955.0,2999.0,5071.0,3220.0,48.0,260.0,1015.0
2022-07-01 22:40:00-04:00,5926.0,3009.0,5076.0,3218.0,49.0,261.0,1041.0
2022-07-01 22:45:00-04:00,5837.0,2939.0,5055.0,3221.0,48.0,261.0,1076.0
2022-07-01 22:50:00-04:00,5771.0,2961.0,5065.0,3221.0,48.0,260.0,1069.0
2022-07-01 22:55:00-04:00,5631.0,2954.0,5086.0,3223.0,48.0,261.0,1053.0
2022-07-01 23:00:00-04:00,5539.0,2831.0,5152.0,3220.0,48.0,260.0,1050.0
2022-07-01 23:05:00-04:00,5482.0,2751.0,5172.0,3221.0,49.0,261.0,1022.0
2022-07-01 23:10:00-04:00,5449.0,2687.0,5177.0,3220.0,49.0,261.0,997.0
2022-07-01 23:15:00-04:00,5385.0,2634.0,5177.0,3219.0,48.0,261.0,957.0
2022-07-01 23:20:00-04:00,5302.0,2578.0,5182.0,3224.0,48.0,261.0,931.0
2022-07-01 23:25:00-04:00,5219.0,2628.0,5179.0,3223.0,48.0,262.0,921.0
2022-07-01 23:30:00-04:00,5146.0,2641.0,5141.0,3221.0,48.0,262.0,905.0
2022-07-01 23:35:00-04:00,5087.0,2593.0,5132.0,3222.0,49.0,261.0,916.0
2022-07-01 23:40:00-04:00,5066.0,2511.0,5090.0,3221.0,48.0,261.0,936.0
2022-07-01 23:45:00-04:00,5031.0,2488.0,5038.0,3222.0,48.0,259.0,961.0
2022-07-01 23:50:00-04:00,4991.0,2429.0,5012.0,3222.0,48.0,260.0,962.0
2022-07-01 23:55:00-04:00,4958.0,2359.0,5003.0,3223.0,48.0,261.0,940.0
2022-07-02 00:00:00-04:00,4855.0,2367.0,5002.0,3223.0,30.0,260.0,906.0
