Time,Hydro,Landfill Gas,Natural Gas,Nuclear,Oil,Other,Refuse,Solar,Wind,Wood
2022-11-01 00:01:56-04:00,473.0,30.0,3312.0,3356.0,0.0,0.0,332.0,0.0,217.0,187.0
2022-11-01 00:06:12-04:00,474.0,30.0,3438.0,3358.0,0.0,33.0,329.0,0.0,214.0,187.0
2022-11-01 00:10:01-04:00,473.0,30.0,3494.0,3355.0,0.0,41.0,330.0,0.0,209.0,186.0
2022-11-01 00:21:29-04:00,473.0,30.0,3625.0,3358.0,0.0,0.0,334.0,0.0,205.0,187.0
2022-11-01 00:23:56-04:00,474.0,30.0,3618.0,3358.0,0.0,2.0,336.0,0.0,198.0,187.0
2022-11-01 00:35:11-04:00,471.0,30.0,3541.0,3358.0,0.0,0.0,323.0,0.0,199.0,188.0
2022-11-01 00:43:19-04:00,471.0,30.0,3515.0,3359.0,0.0,0.0,330.0,0.0,204.0,189.0
2022-11-01 00:51:15-04:00,472.0,30.0,3524.0,3358.0,0.0,8.0,332.0,0.0,203.0,189.0
2022-11-01 00:55:21-04:00,473.0,30.0,3523.0,3356.0,0.0,0.0,330.0,0.0,210.0,187.0
2022-11-01 01:02:08-04:00,463.0,30.0,3575.0,3359.0,0.0,0.0,336.0,0.0,220.0,189.0
2022-11-01 01:06:22-04:00,464.0,30.0,3554.0,3357.0,0.0,2.0,330.0,0.0,227.0,188.0
2022-11-01 01:11:35-04:00,465.0,30.0,3557.0,3359.0,0.0,35.0,332.0,0.0,239.0,188.0
2022-11-01 01:19:53-04:00,458.0,30.0,3665.0,3357.0,0.0,0.0,326.0,0.0,231.0,186.0
2022-11-01 01:27:51-04:00,458.0,30.0,3635.0,3359.0,0.0,1.0,329.0,0.0,230.0,187.0
2022-11-01 01:33:58-04:00,457.0,30.0,3547.0,3356.0,0.0,0.0,327.0,0.0,242.0,187.0
2022-11-01 01:42:57-04:00,459.0,30.0,3463.0,3356.0,0.0,2.0,317.0,0.0,234.0,187.0
2022-11-01 01:52:31-04:00,460.0,30.0,3455.0,3357.0,0.0,0.0,331.0,0.0,225.0,187.0
2022-11-01 02:01:19-04:00,457.0,30.0,3439.0,3359.0,0.0,1.0,325.0,0.0,217.0,186.0
2022-11-01 02:05:50-04:00,454.0,30.0,3481.0,3358.0,0.0,0.0,326.0,0.0,212.0,185.0
2022-11-01 02:12:07-04:00,460.0,30.0,3537.0,3358.0,0.0,9.0,324.0,0.0,215.0,187.0
2022-11-01 02:14:03-04:00,460.0,30.0,3537.0,3358.0,0.0,9.0,324.0,0.0,215.0,187.0
2022-11-01 02:17:03-04:00,454.0,30.0,3603.0,3360.0,0.0,0.0,323.0,0.0,210.0,187.0
2022-11-01 02:23:50-04:00,496.0,30.0,3660.0,3355.0,0.0,0.0,326.0,0.0,204.0,185.0
2022-11-01 02:32:57-04:00,497.0,30.0,3602.0,3358.0,0.0,6.0,328.0,0.0,186.0,187.0
2022-11-01 02:40:30-04:00,494.0,30.0,3601.0,3356.0,0.0,0.0,333.0,0.0,190.0,188.0
2022-11-01 02:47:54-04:00,455.0,30.0,3568.0,3358.0,0.0,1.0,326.0,0.0,196.0,187.0
2022-11-01 02:56:55-04:00,456.0,30.0,3545.0,3360.0,0.0,0.0,324.0,0.0,189.0,186.0
2022-11-01 03:09:10-04:00,539.0,30.0,3673.0,3359.0,0.0,1.0,332.0,0.0,190.0,187.0
2022-11-01 03:18:08-04:00,541.0,30.0,3691.0,3356.0,0.0,0.0,330.0,0.0,190.0,186.0
2022-11-01 03:27:25-04:00,540.0,30.0,3679.0,3357.0,0.0,0.0,324.0,0.0,177.0,185.0
2022-11-01 03:32:32-04:00,458.0,30.0,3681.0,3358.0,0.0,16.0,320.0,0.0,184.0,187.0
2022-11-01 03:35:28-04:00,458.0,30.0,3681.0,3358.0,0.0,16.0,320.0,0.0,184.0,187.0
2022-11-01 03:44:27-04:00,455.0,30.0,3750.0,3361.0,0.0,0.0,321.0,0.0,171.0,186.0
2022-11-01 03:54:44-04:00,460.0,30.0,3832.0,3356.0,0.0,0.0,323.0,0.0,151.0,187.0
2022-11-01 04:04:10-04:00,473.0,30.0,3767.0,3358.0,0.0,0.0,318.0,0.0,154.0,186.0
2022-11-01 04:09:55-04:00,488.0,30.0,3759.0,3359.0,0.0,0.0,325.0,0.0,144.0,188.0
2022-11-01 04:15:17-04:00,487.0,30.0,3610.0,3358.0,0.0,0.0,327.0,0.0,140.0,187.0
2022-11-01 04:24:35-04:00,493.0,30.0,3611.0,3358.0,0.0,6.0,329.0,0.0,131.0,187.0
2022-11-01 04:27:43-04:00,493.0,30.0,3611.0,3358.0,0.0,6.0,329.0,0.0,131.0,187.0
2022-11-01 04:28:57-04:00,492.0,30.0,3505.0,3358.0,0.0,0.0,330.0,0.0,122.0,188.0
2022-11-01 04:39:12-04:00,492.0,30.0,3540.0,3359.0,0.0,0.0,327.0,0.0,108.0,189.0
2022-11-01 04:48:52-04:00,490.0,30.0,3580.0,3358.0,0.0,0.0,330.0,0.0,106.0,186.0
2022-11-01 04:54:29-04:00,491.0,30.0,3639.0,3358.0,0.0,0.0,328.0,0.0,103.0,187.0
2022-11-01 05:02:17-04:00,490.0,30.0,3555.0,3360.0,0.0,0.0,324.0,0.0,97.0,188.0
2022-11-01 05:10:21-04:00,489.0,30.0,3582.0,3359.0,0.0,0.0,323.0,0.0,84.0,189.0
2022-11-01 05:14:11-04:00,491.0,30.0,3582.0,3359.0,0.0,5.0,326.0,0.0,80.0,187.0
2022-11-01 05:24:45-04:00,575.0,30.0,3698.0,3361.0,0.0,0.0,327.0,0.0,75.0,189.0
2022-11-01 05:34:21-04:00,576.0,30.0,3761.0,3359.0,0.0,1.0,328.0,0.0,72.0,187.0
2022-11-01 05:41:00-04:00,578.0,30.0,3831.0,3360.0,0.0,10.0,311.0,0.0,77.0,187.0
2022-11-01 05:48:50-04:00,494.0,30.0,4134.0,3358.0,0.0,0.0,320.0,0.0,83.0,187.0
2022-11-01 05:49:45-04:00,494.0,30.0,4134.0,3358.0,0.0,0.0,320.0,0.0,83.0,187.0
2022-11-01 05:53:00-04:00,547.0,30.0,4089.0,3360.0,0.0,0.0,325.0,0.0,86.0,189.0
2022-11-01 05:55:39-04:00,551.0,30.0,3981.0,3357.0,0.0,30.0,321.0,0.0,83.0,189.0
2022-11-01 06:00:57-04:00,550.0,30.0,3834.0,3358.0,0.0,3.0,314.0,0.0,75.0,186.0
2022-11-01 06:08:39-04:00,552.0,30.0,4271.0,3356.0,0.0,0.0,314.0,0.0,72.0,186.0
2022-11-01 06:15:02-04:00,550.0,30.0,4350.0,3356.0,0.0,1.0,314.0,0.0,74.0,188.0
2022-11-01 06:24:42-04:00,552.0,30.0,4585.0,3358.0,0.0,0.0,312.0,0.0,74.0,189.0
2022-11-01 06:31:25-04:00,549.0,30.0,4578.0,3358.0,0.0,3.0,304.0,0.0,74.0,187.0
2022-11-01 06:38:26-04:00,551.0,30.0,4678.0,3359.0,0.0,2.0,308.0,0.0,68.0,188.0
2022-11-01 06:46:54-04:00,551.0,30.0,4932.0,3360.0,0.0,4.0,309.0,0.0,76.0,186.0
2022-11-01 06:52:19-04:00,552.0,30.0,5174.0,3359.0,0.0,0.0,313.0,0.0,79.0,185.0
2022-11-01 06:59:15-04:00,562.0,30.0,5139.0,3359.0,0.0,1.0,311.0,0.0,67.0,185.0
2022-11-01 07:07:28-04:00,800.0,30.0,4947.0,3358.0,0.0,17.0,313.0,0.0,61.0,186.0
2022-11-01 07:16:28-04:00,793.0,30.0,5174.0,3360.0,0.0,0.0,301.0,0.0,66.0,187.0
2022-11-01 07:22:21-04:00,800.0,30.0,5220.0,3361.0,0.0,0.0,308.0,0.0,69.0,188.0
2022-11-01 07:29:23-04:00,796.0,30.0,5283.0,3360.0,0.0,0.0,314.0,0.0,65.0,185.0
2022-11-01 07:37:05-04:00,795.0,30.0,5293.0,3357.0,0.0,1.0,313.0,1.0,67.0,186.0
2022-11-01 07:47:20-04:00,790.0,30.0,5303.0,3356.0,0.0,0.0,318.0,3.0,63.0,186.0
2022-11-01 07:53:04-04:00,926.0,30.0,5283.0,3357.0,0.0,0.0,319.0,6.0,64.0,186.0
2022-11-01 08:00:46-04:00,959.0,31.0,5384.0,3360.0,0.0,0.0,317.0,9.0,61.0,186.0
2022-11-01 08:06:59-04:00,946.0,31.0,5511.0,3358.0,0.0,5.0,317.0,13.0,56.0,186.0
2022-11-01 08:12:29-04:00,940.0,31.0,5585.0,3359.0,0.0,6.0,320.0,16.0,53.0,186.0
2022-11-01 08:16:47-04:00,1000.0,31.0,5664.0,3356.0,0.0,0.0,320.0,19.0,55.0,184.0
2022-11-01 08:22:16-04:00,936.0,31.0,5708.0,3358.0,0.0,0.0,322.0,24.0,59.0,186.0
2022-11-01 08:27:45-04:00,937.0,31.0,5727.0,3358.0,0.0,0.0,321.0,28.0,53.0,185.0
2022-11-01 08:31:16-04:00,977.0,31.0,5727.0,3358.0,0.0,0.0,318.0,35.0,56.0,186.0
2022-11-01 08:38:23-04:00,937.0,31.0,5678.0,3360.0,0.0,12.0,312.0,39.0,59.0,189.0
2022-11-01 08:46:21-04:00,932.0,31.0,5660.0,3357.0,0.0,0.0,315.0,41.0,53.0,191.0
2022-11-01 08:53:21-04:00,932.0,31.0,5600.0,3359.0,0.0,0.0,319.0,46.0,52.0,187.0
2022-11-01 08:59:36-04:00,934.0,31.0,5649.0,3359.0,0.0,0.0,321.0,50.0,46.0,188.0
2022-11-01 09:10:29-04:00,929.0,31.0,5651.0,3360.0,0.0,2.0,320.0,56.0,39.0,189.0
2022-11-01 09:16:44-04:00,933.0,31.0,5642.0,3358.0,0.0,1.0,321.0,58.0,38.0,187.0
2022-11-01 09:22:55-04:00,1001.0,31.0,5713.0,3357.0,0.0,0.0,322.0,67.0,35.0,189.0
2022-11-01 09:30:56-04:00,1005.0,31.0,5747.0,3357.0,0.0,1.0,323.0,54.0,35.0,186.0
2022-11-01 09:37:34-04:00,1007.0,31.0,5749.0,3359.0,0.0,2.0,324.0,67.0,40.0,187.0
2022-11-01 09:45:40-04:00,1011.0,30.0,5739.0,3357.0,0.0,2.0,320.0,64.0,40.0,187.0
2022-11-01 09:55:04-04:00,1040.0,30.0,5650.0,3357.0,0.0,2.0,325.0,58.0,43.0,186.0
2022-11-01 09:59:21-04:00,748.0,30.0,5682.0,3358.0,0.0,40.0,327.0,63.0,39.0,188.0
2022-11-01 10:08:02-04:00,822.0,30.0,5753.0,3358.0,0.0,0.0,326.0,68.0,40.0,188.0
2022-11-01 10:15:30-04:00,908.0,30.0,5667.0,3359.0,0.0,0.0,319.0,71.0,46.0,186.0
2022-11-01 10:23:10-04:00,832.0,30.0,5705.0,3355.0,0.0,0.0,318.0,73.0,38.0,188.0
2022-11-01 10:30:29-04:00,910.0,30.0,5571.0,3357.0,0.0,2.0,323.0,73.0,37.0,187.0
2022-11-01 10:37:37-04:00,887.0,31.0,5542.0,3357.0,0.0,1.0,323.0,72.0,36.0,188.0
2022-11-01 10:48:53-04:00,953.0,31.0,5504.0,3357.0,0.0,0.0,321.0,79.0,32.0,187.0
2022-11-01 10:58:08-04:00,950.0,31.0,5491.0,3359.0,0.0,0.0,324.0,82.0,38.0,187.0
2022-11-01 11:09:39-04:00,895.0,31.0,5391.0,3358.0,0.0,0.0,322.0,89.0,36.0,187.0
2022-11-01 11:14:59-04:00,843.0,31.0,5475.0,3358.0,0.0,0.0,321.0,88.0,33.0,187.0
2022-11-01 11:22:55-04:00,800.0,31.0,5542.0,3357.0,0.0,1.0,319.0,88.0,27.0,186.0
2022-11-01 11:29:55-04:00,798.0,31.0,5485.0,3355.0,0.0,1.0,325.0,79.0,28.0,187.0
2022-11-01 11:37:57-04:00,646.0,31.0,5573.0,3356.0,0.0,0.0,323.0,91.0,29.0,186.0
2022-11-01 11:46:13-04:00,706.0,31.0,5557.0,3358.0,0.0,9.0,323.0,98.0,28.0,185.0
2022-11-01 11:53:26-04:00,790.0,31.0,5565.0,3357.0,0.0,0.0,329.0,104.0,29.0,187.0
2022-11-01 12:01:48-04:00,640.0,31.0,5600.0,3359.0,0.0,7.0,330.0,116.0,27.0,188.0
2022-11-01 12:07:19-04:00,679.0,31.0,5546.0,3357.0,0.0,3.0,326.0,127.0,24.0,189.0
2022-11-01 12:14:51-04:00,693.0,31.0,5535.0,3358.0,0.0,0.0,323.0,128.0,28.0,188.0
2022-11-01 12:22:24-04:00,687.0,31.0,5559.0,3358.0,0.0,0.0,323.0,149.0,28.0,187.0
2022-11-01 12:29:09-04:00,690.0,31.0,5508.0,3357.0,0.0,5.0,322.0,144.0,32.0,187.0
2022-11-01 12:37:34-04:00,772.0,31.0,5510.0,3358.0,0.0,0.0,320.0,109.0,33.0,186.0
2022-11-01 12:46:38-04:00,654.0,31.0,5608.0,3359.0,0.0,4.0,322.0,167.0,35.0,186.0
2022-11-01 12:52:33-04:00,733.0,31.0,5535.0,3355.0,0.0,4.0,322.0,155.0,32.0,188.0
2022-11-01 12:59:05-04:00,714.0,31.0,5556.0,3353.0,0.0,0.0,325.0,153.0,34.0,187.0
2022-11-01 13:07:16-04:00,787.0,31.0,5552.0,3357.0,0.0,1.0,326.0,149.0,33.0,186.0
2022-11-01 13:16:16-04:00,856.0,31.0,5576.0,3358.0,0.0,0.0,324.0,137.0,32.0,186.0
2022-11-01 13:22:43-04:00,859.0,31.0,5500.0,3357.0,0.0,5.0,326.0,114.0,29.0,186.0
2022-11-01 13:33:46-04:00,865.0,24.0,5476.0,3358.0,0.0,0.0,334.0,136.0,33.0,186.0
2022-11-01 13:37:53-04:00,864.0,23.0,5425.0,3358.0,0.0,5.0,339.0,137.0,30.0,186.0
2022-11-01 13:45:31-04:00,862.0,23.0,5452.0,3358.0,0.0,0.0,336.0,141.0,28.0,187.0
2022-11-01 13:52:28-04:00,857.0,23.0,5371.0,3359.0,0.0,0.0,331.0,141.0,25.0,187.0
2022-11-01 14:00:14-04:00,797.0,23.0,5316.0,3359.0,0.0,0.0,330.0,129.0,34.0,187.0
2022-11-01 14:07:34-04:00,798.0,23.0,5307.0,3358.0,0.0,0.0,333.0,130.0,35.0,188.0
2022-11-01 14:12:02-04:00,798.0,23.0,5240.0,3358.0,0.0,11.0,329.0,137.0,34.0,187.0
2022-11-01 14:18:27-04:00,666.0,23.0,5348.0,3358.0,0.0,2.0,326.0,124.0,35.0,186.0
2022-11-01 14:23:40-04:00,665.0,23.0,5291.0,3357.0,0.0,8.0,326.0,141.0,37.0,186.0
2022-11-01 14:29:37-04:00,661.0,23.0,5310.0,3357.0,0.0,0.0,333.0,148.0,47.0,187.0
2022-11-01 14:38:10-04:00,644.0,23.0,5245.0,3357.0,0.0,1.0,327.0,132.0,55.0,187.0
2022-11-01 14:47:38-04:00,642.0,23.0,5104.0,3354.0,62.0,0.0,327.0,142.0,57.0,189.0
2022-11-01 14:54:04-04:00,661.0,23.0,5085.0,3358.0,10.0,1.0,330.0,142.0,58.0,185.0
2022-11-01 15:00:07-04:00,676.0,23.0,5176.0,3358.0,44.0,6.0,327.0,123.0,59.0,187.0
2022-11-01 15:08:22-04:00,679.0,23.0,5303.0,3356.0,86.0,0.0,327.0,119.0,72.0,185.0
2022-11-01 15:16:07-04:00,545.0,23.0,5372.0,3356.0,86.0,0.0,330.0,122.0,74.0,188.0
2022-11-01 15:22:34-04:00,546.0,25.0,5356.0,3356.0,86.0,8.0,328.0,105.0,70.0,185.0
2022-11-01 15:29:02-04:00,547.0,31.0,5410.0,3358.0,86.0,0.0,329.0,103.0,77.0,185.0
2022-11-01 15:38:04-04:00,544.0,31.0,5345.0,3357.0,86.0,0.0,327.0,106.0,95.0,186.0
2022-11-01 15:46:53-04:00,549.0,31.0,5385.0,3357.0,0.0,5.0,329.0,89.0,103.0,188.0
2022-11-01 15:52:42-04:00,584.0,31.0,5379.0,3358.0,0.0,5.0,329.0,86.0,109.0,186.0
2022-11-01 15:59:12-04:00,595.0,31.0,5267.0,3359.0,0.0,24.0,334.0,101.0,112.0,186.0
2022-11-01 16:08:20-04:00,873.0,31.0,5074.0,3355.0,0.0,21.0,331.0,87.0,108.0,185.0
2022-11-01 16:15:03-04:00,941.0,31.0,5239.0,3357.0,0.0,12.0,326.0,74.0,105.0,187.0
2022-11-01 16:23:37-04:00,867.0,31.0,5430.0,3358.0,0.0,5.0,325.0,56.0,110.0,186.0
2022-11-01 16:29:51-04:00,976.0,31.0,5430.0,3356.0,0.0,3.0,334.0,45.0,107.0,187.0
2022-11-01 16:37:47-04:00,1034.0,31.0,5467.0,3358.0,0.0,9.0,331.0,41.0,115.0,185.0
2022-11-01 16:45:12-04:00,1064.0,31.0,5528.0,3358.0,0.0,7.0,329.0,35.0,113.0,187.0
2022-11-01 16:51:49-04:00,1093.0,31.0,5552.0,3357.0,0.0,3.0,332.0,31.0,123.0,187.0
2022-11-01 16:53:10-04:00,1098.0,31.0,5571.0,3359.0,0.0,6.0,336.0,26.0,129.0,187.0
2022-11-01 16:59:05-04:00,1202.0,31.0,5573.0,3359.0,0.0,4.0,335.0,21.0,126.0,182.0
2022-11-01 17:08:42-04:00,1195.0,31.0,5621.0,3358.0,0.0,6.0,332.0,15.0,128.0,183.0
2022-11-01 17:15:07-04:00,1270.0,31.0,5607.0,3358.0,0.0,7.0,328.0,12.0,146.0,183.0
2022-11-01 17:22:07-04:00,1377.0,31.0,5614.0,3356.0,0.0,4.0,330.0,8.0,155.0,183.0
2022-11-01 17:24:48-04:00,1380.0,31.0,5639.0,3359.0,0.0,6.0,324.0,7.0,153.0,183.0
2022-11-01 17:28:59-04:00,1563.0,31.0,5690.0,3357.0,0.0,3.0,323.0,4.0,165.0,184.0
2022-11-01 17:37:27-04:00,1555.0,31.0,5666.0,3357.0,0.0,5.0,327.0,1.0,187.0,182.0
2022-11-01 17:45:03-04:00,1648.0,31.0,5705.0,3357.0,0.0,5.0,334.0,0.0,206.0,183.0
2022-11-01 17:52:16-04:00,1662.0,31.0,5711.0,3359.0,0.0,30.0,333.0,0.0,218.0,186.0
2022-11-01 17:58:40-04:00,1609.0,31.0,5669.0,3357.0,0.0,3.0,332.0,0.0,213.0,186.0
2022-11-01 18:03:09-04:00,1772.0,31.0,5701.0,3357.0,0.0,3.0,329.0,0.0,220.0,187.0
2022-11-01 18:07:54-04:00,1642.0,31.0,5665.0,3358.0,0.0,25.0,332.0,0.0,223.0,185.0
2022-11-01 18:10:27-04:00,1623.0,31.0,5668.0,3358.0,0.0,16.0,328.0,0.0,229.0,185.0
2022-11-01 18:17:09-04:00,1627.0,31.0,5626.0,3358.0,0.0,4.0,329.0,0.0,254.0,187.0
2022-11-01 18:19:00-04:00,1631.0,31.0,5631.0,3357.0,0.0,5.0,329.0,0.0,270.0,186.0
2022-11-01 18:26:44-04:00,1626.0,31.0,5655.0,3357.0,0.0,2.0,324.0,0.0,296.0,186.0
2022-11-01 18:30:20-04:00,1631.0,31.0,5638.0,3359.0,0.0,4.0,324.0,0.0,300.0,188.0
2022-11-01 18:35:08-04:00,1631.0,31.0,5638.0,3359.0,0.0,4.0,324.0,0.0,300.0,188.0
2022-11-01 18:38:02-04:00,1628.0,31.0,5632.0,3357.0,0.0,2.0,316.0,0.0,323.0,186.0
2022-11-01 18:42:38-04:00,1496.0,31.0,5650.0,3357.0,0.0,7.0,319.0,0.0,315.0,187.0
2022-11-01 18:54:44-04:00,1494.0,31.0,5703.0,3358.0,0.0,2.0,314.0,0.0,321.0,184.0
2022-11-01 19:00:11-04:00,1370.0,31.0,5705.0,3356.0,0.0,2.0,310.0,0.0,327.0,187.0
2022-11-01 19:10:32-04:00,1314.0,31.0,5729.0,3357.0,0.0,0.0,316.0,0.0,355.0,187.0
2022-11-01 19:14:34-04:00,1194.0,32.0,5652.0,3359.0,0.0,15.0,314.0,0.0,375.0,188.0
2022-11-01 19:16:56-04:00,1186.0,31.0,5627.0,3357.0,0.0,2.0,315.0,0.0,370.0,189.0
2022-11-01 19:22:34-04:00,1180.0,31.0,5513.0,3357.0,0.0,0.0,315.0,0.0,380.0,187.0
2022-11-01 19:25:57-04:00,1055.0,31.0,5522.0,3357.0,0.0,4.0,311.0,0.0,364.0,186.0
2022-11-01 19:31:15-04:00,1052.0,31.0,5543.0,3357.0,0.0,0.0,312.0,0.0,393.0,187.0
2022-11-01 19:34:58-04:00,1045.0,31.0,5473.0,3358.0,0.0,0.0,317.0,0.0,406.0,185.0
2022-11-01 19:37:53-04:00,1050.0,32.0,5438.0,3359.0,0.0,0.0,318.0,0.0,405.0,188.0
2022-11-01 19:43:41-04:00,1051.0,31.0,5342.0,3358.0,0.0,3.0,321.0,0.0,420.0,189.0
2022-11-01 19:46:24-04:00,1045.0,31.0,5319.0,3358.0,0.0,1.0,317.0,0.0,413.0,187.0
2022-11-01 19:56:50-04:00,893.0,31.0,5436.0,3356.0,0.0,0.0,319.0,0.0,401.0,185.0
2022-11-01 20:03:17-04:00,610.0,31.0,5345.0,3356.0,0.0,23.0,314.0,0.0,392.0,187.0
2022-11-01 20:09:32-04:00,619.0,31.0,5263.0,3358.0,0.0,0.0,314.0,0.0,410.0,187.0
2022-11-01 20:13:40-04:00,619.0,31.0,5214.0,3358.0,0.0,2.0,315.0,0.0,402.0,188.0
2022-11-01 20:16:39-04:00,615.0,31.0,5173.0,3358.0,0.0,0.0,318.0,0.0,396.0,188.0
2022-11-01 20:24:10-04:00,615.0,31.0,5164.0,3357.0,0.0,0.0,322.0,0.0,416.0,188.0
2022-11-01 20:29:26-04:00,616.0,31.0,5090.0,3357.0,0.0,14.0,320.0,0.0,406.0,187.0
2022-11-01 20:32:21-04:00,614.0,32.0,5035.0,3357.0,0.0,0.0,319.0,0.0,417.0,188.0
2022-11-01 20:37:50-04:00,615.0,31.0,5043.0,3360.0,0.0,0.0,319.0,0.0,418.0,186.0
2022-11-01 20:45:34-04:00,615.0,31.0,4945.0,3360.0,0.0,0.0,317.0,0.0,453.0,186.0
2022-11-01 20:56:34-04:00,614.0,31.0,4778.0,3358.0,0.0,0.0,318.0,0.0,446.0,185.0
2022-11-01 21:00:15-04:00,594.0,31.0,4789.0,3358.0,0.0,2.0,318.0,0.0,443.0,187.0
2022-11-01 21:02:55-04:00,574.0,31.0,4784.0,3358.0,0.0,4.0,319.0,0.0,439.0,186.0
2022-11-01 21:05:55-04:00,574.0,31.0,4784.0,3358.0,0.0,4.0,319.0,0.0,439.0,186.0
2022-11-01 21:07:20-04:00,548.0,31.0,4703.0,3357.0,0.0,4.0,317.0,0.0,470.0,185.0
2022-11-01 21:09:30-04:00,549.0,32.0,4671.0,3357.0,0.0,1.0,316.0,0.0,466.0,184.0
2022-11-01 21:11:17-04:00,550.0,32.0,4604.0,3357.0,0.0,27.0,315.0,0.0,468.0,184.0
2022-11-01 21:18:30-04:00,550.0,31.0,4619.0,3357.0,0.0,0.0,315.0,0.0,475.0,183.0
2022-11-01 21:19:46-04:00,546.0,31.0,4606.0,3358.0,0.0,0.0,315.0,0.0,509.0,186.0
2022-11-01 21:22:44-04:00,543.0,31.0,4462.0,3358.0,0.0,11.0,315.0,0.0,490.0,185.0
2022-11-01 21:30:06-04:00,548.0,31.0,4458.0,3359.0,0.0,0.0,318.0,0.0,522.0,186.0
2022-11-01 21:35:46-04:00,543.0,31.0,4266.0,3356.0,0.0,9.0,316.0,0.0,521.0,186.0
2022-11-01 21:37:31-04:00,542.0,31.0,4263.0,3357.0,0.0,9.0,314.0,0.0,527.0,185.0
2022-11-01 21:42:16-04:00,544.0,31.0,4265.0,3357.0,0.0,0.0,319.0,0.0,556.0,184.0
2022-11-01 21:47:21-04:00,544.0,31.0,4265.0,3357.0,0.0,0.0,319.0,0.0,556.0,184.0
2022-11-01 21:54:18-04:00,540.0,31.0,4035.0,3357.0,0.0,0.0,316.0,0.0,594.0,182.0
2022-11-01 22:00:07-04:00,494.0,31.0,3938.0,3357.0,0.0,44.0,323.0,0.0,620.0,182.0
2022-11-01 22:02:38-04:00,489.0,31.0,3933.0,3356.0,0.0,17.0,325.0,0.0,624.0,183.0
2022-11-01 22:03:53-04:00,490.0,31.0,3977.0,3359.0,0.0,13.0,325.0,0.0,626.0,181.0
2022-11-01 22:05:27-04:00,490.0,31.0,3995.0,3359.0,0.0,8.0,324.0,0.0,642.0,181.0
2022-11-01 22:08:54-04:00,480.0,31.0,3995.0,3358.0,0.0,0.0,320.0,0.0,667.0,184.0
2022-11-01 22:14:15-04:00,479.0,31.0,3884.0,3358.0,0.0,2.0,316.0,0.0,687.0,183.0
2022-11-01 22:15:27-04:00,479.0,31.0,3884.0,3358.0,0.0,2.0,316.0,0.0,687.0,183.0
2022-11-01 22:17:27-04:00,475.0,31.0,3802.0,3358.0,0.0,0.0,320.0,0.0,709.0,181.0
2022-11-01 22:22:31-04:00,474.0,31.0,3853.0,3358.0,0.0,1.0,316.0,0.0,698.0,184.0
2022-11-01 22:24:43-04:00,474.0,31.0,3853.0,3358.0,0.0,1.0,316.0,0.0,698.0,184.0
2022-11-01 22:26:55-04:00,477.0,31.0,3793.0,3360.0,0.0,8.0,311.0,0.0,715.0,181.0
2022-11-01 22:29:46-04:00,475.0,31.0,3817.0,3358.0,0.0,0.0,312.0,0.0,739.0,181.0
2022-11-01 22:38:43-04:00,475.0,31.0,3616.0,3357.0,0.0,0.0,318.0,0.0,760.0,181.0
2022-11-01 22:47:37-04:00,474.0,31.0,3406.0,3359.0,0.0,0.0,321.0,0.0,778.0,179.0
2022-11-01 22:54:55-04:00,491.0,31.0,3278.0,3357.0,0.0,6.0,323.0,0.0,780.0,181.0
2022-11-01 22:59:24-04:00,517.0,31.0,3269.0,3356.0,0.0,0.0,330.0,0.0,794.0,178.0
2022-11-01 23:00:45-04:00,511.0,31.0,3489.0,3357.0,0.0,0.0,329.0,0.0,794.0,181.0
2022-11-01 23:02:44-04:00,513.0,31.0,3531.0,3357.0,0.0,0.0,328.0,0.0,787.0,182.0
2022-11-01 23:06:44-04:00,521.0,31.0,3435.0,3357.0,0.0,36.0,325.0,0.0,787.0,181.0
2022-11-01 23:10:12-04:00,516.0,31.0,3432.0,3357.0,0.0,14.0,325.0,0.0,776.0,179.0
2022-11-01 23:15:07-04:00,521.0,31.0,3613.0,3357.0,0.0,1.0,322.0,0.0,764.0,181.0
2022-11-01 23:22:56-04:00,519.0,31.0,3523.0,3356.0,0.0,0.0,326.0,0.0,777.0,181.0
2022-11-01 23:27:12-04:00,518.0,31.0,3452.0,3356.0,0.0,4.0,321.0,0.0,802.0,180.0
2022-11-01 23:33:52-04:00,518.0,31.0,3355.0,3357.0,0.0,10.0,318.0,0.0,795.0,181.0
2022-11-01 23:35:31-04:00,518.0,31.0,3355.0,3357.0,0.0,10.0,318.0,0.0,795.0,181.0
2022-11-01 23:37:59-04:00,519.0,31.0,3280.0,3359.0,0.0,1.0,325.0,0.0,812.0,179.0
2022-11-01 23:46:01-04:00,517.0,31.0,3182.0,3358.0,0.0,0.0,327.0,0.0,821.0,180.0
2022-11-01 23:55:17-04:00,519.0,31.0,3048.0,3356.0,0.0,1.0,330.0,0.0,866.0,180.0
2022-11-01 23:56:57-04:00,507.0,31.0,3032.0,3358.0,0.0,0.0,331.0,0.0,859.0,179.0
