Time,Solar,Wind,Geothermal,Biomass,Biogas,Small Hydro,Coal,Nuclear,Natural Gas,Large Hydro,Batteries,Imports,Other
2022-01-01 00:00:00-08:00,-32,3829,882,281,205,146,20,2264,7280,1200,-116,8200,0
2022-01-01 00:05:00-08:00,-32,3854,880,279,208,144,20,2265,7119,1129,117,8079,0
2022-01-01 00:10:00-08:00,-32,3934,880,276,209,144,20,2264,6904,1114,149,8085,0
2022-01-01 00:15:00-08:00,-32,4007,879,273,210,145,21,2265,6870,1135,164,7962,0
2022-01-01 00:20:00-08:00,-32,3998,879,275,211,144,20,2265,6860,1102,152,7973,0
2022-01-01 00:25:00-08:00,-32,4020,879,275,211,144,20,2264,6868,1097,147,7889,0
2022-01-01 00:30:00-08:00,-32,4039,878,272,211,144,20,2265,6831,1085,116,7822,0
2022-01-01 00:35:00-08:00,-32,3996,878,273,211,144,19,2264,6917,1089,-13,7890,0
2022-01-01 00:40:00-08:00,-32,4002,879,274,211,144,19,2265,6913,1082,-53,7927,0
2022-01-01 00:45:00-08:00,-32,3958,878,273,211,143,20,2265,6895,1090,-31,7886,0
2022-01-01 00:50:00-08:00,-31,3952,878,271,211,143,19,2265,6792,1082,95,7741,0
2022-01-01 00:55:00-08:00,-32,3946,878,273,211,143,19,2264,6683,1079,118,7743,0
2022-01-01 01:00:00-08:00,-32,3868,878,275,211,143,18,2264,6664,1088,122,7758,0
2022-01-01 01:05:00-08:00,-32,3770,878,274,211,143,19,2265,6652,1078,220,7676,0
2022-01-01 01:10:00-08:00,-32,3694,878,275,211,143,20,2265,6543,1130,200,7675,0
2022-01-01 01:15:00-08:00,-32,3676,877,274,211,143,19,2265,6511,1108,173,7709,0
2022-01-01 01:20:00-08:00,-32,3628,878,273,211,143,19,2264,6460,1109,190,7717,0
2022-01-01 01:25:00-08:00,-32,3572,878,282,212,143,19,2265,6467,1103,159,7715,0
2022-01-01 01:30:00-08:00,-32,3518,878,288,211,144,20,2265,6440,1101,146,7782,0
2022-01-01 01:35:00-08:00,-32,3547,877,287,211,144,19,2265,6333,1099,158,7814,0
2022-01-01 01:40:00-08:00,-32,3607,877,286,210,143,18,2266,6251,1085,124,7866,0
2022-01-01 01:45:00-08:00,-32,3563,878,285,211,143,19,2265,6241,1084,129,7895,0
2022-01-01 01:50:00-08:00,-32,3477,878,285,210,143,19,2266,6248,1092,134,7880,0
2022-01-01 01:55:00-08:00,-32,3359,877,285,210,143,19,2265,6292,1087,132,7931,0
2022-01-01 02:00:00-08:00,-32,3294,877,284,211,143,20,2266,6348,1075,115,7940,0
2022-01-01 02:05:00-08:00,-31,3245,878,284,211,143,19,2266,6601,1078,88,7785,0
2022-01-01 02:10:00-08:00,-32,3255,877,285,210,144,20,2265,6724,1055,0,7730,0
2022-01-01 02:15:00-08:00,-32,3259,878,285,210,144,20,2266,6758,1061,31,7756,0
2022-01-01 02:20:00-08:00,-32,3241,878,282,210,144,20,2266,6633,1065,99,7716,0
2022-01-01 02:25:00-08:00,-32,3178,877,283,210,145,20,2265,6582,1060,83,7733,0
2022-01-01 02:30:00-08:00,-32,3137,877,283,211,145,20,2266,6579,1075,27,7743,0
2022-01-01 02:35:00-08:00,-32,3116,877,284,211,145,19,2266,6656,1060,-33,7769,0
2022-01-01 02:40:00-08:00,-32,3074,877,283,210,145,19,2266,6673,1050,-191,7943,0
2022-01-01 02:45:00-08:00,-33,3085,877,279,210,145,20,2266,6729,1055,-206,7908,0
2022-01-01 02:50:00-08:00,-32,3083,877,277,211,145,20,2267,6730,1050,-226,7924,0
2022-01-01 02:55:00-08:00,-32,3041,878,277,211,145,20,2266,6584,1046,-153,7955,0
2022-01-01 03:00:00-08:00,-32,2998,877,277,211,145,20,2266,6523,1024,-145,7970,0
2022-01-01 03:05:00-08:00,-33,2986,877,279,210,159,20,2266,6622,844,-68,8089,0
2022-01-01 03:10:00-08:00,-32,2970,878,283,210,187,19,2266,6724,766,-41,8130,0
2022-01-01 03:15:00-08:00,-32,2991,877,281,210,188,19,2266,6666,755,-4,8088,0
2022-01-01 03:20:00-08:00,-33,3013,876,280,211,188,20,2266,6610,746,-38,8130,0
2022-01-01 03:25:00-08:00,-33,3006,877,278,211,189,20,2266,6609,757,-40,8161,0
2022-01-01 03:30:00-08:00,-33,2943,878,275,211,191,20,2266,6553,766,-13,8180,0
2022-01-01 03:35:00-08:00,-34,2865,877,277,211,191,20,2266,6490,791,3,8240,0
2022-01-01 03:40:00-08:00,-34,2824,878,282,211,191,21,2267,6469,800,11,8230,0
2022-01-01 03:45:00-08:00,-34,2854,878,281,211,191,20,2266,6449,784,-34,8240,0
2022-01-01 03:50:00-08:00,-34,2811,879,281,211,192,20,2266,6486,773,-40,8307,0
2022-01-01 03:55:00-08:00,-34,2767,878,282,211,192,20,2266,6563,791,-35,8271,0
2022-01-01 04:00:00-08:00,-33,2732,879,285,211,192,20,2266,6591,804,-44,8285,0
2022-01-01 04:05:00-08:00,-33,2741,879,287,211,194,20,2267,6582,772,-6,8232,0
2022-01-01 04:10:00-08:00,-34,2736,879,287,211,208,21,2266,6603,768,26,8194,0
2022-01-01 04:15:00-08:00,-33,2742,879,286,211,207,20,2266,6634,779,23,8161,0
2022-01-01 04:20:00-08:00,-33,2735,879,287,211,207,20,2265,6628,763,-2,8195,0
2022-01-01 04:25:00-08:00,-33,2733,879,287,211,207,20,2267,6680,743,-19,8216,0
2022-01-01 04:30:00-08:00,-33,2720,879,285,211,206,20,2267,6702,757,-29,8209,0
2022-01-01 04:35:00-08:00,-33,2686,880,280,211,207,20,2267,6753,800,-14,8165,0
2022-01-01 04:40:00-08:00,-33,2651,879,275,211,207,20,2267,6751,841,-8,8131,0
2022-01-01 04:45:00-08:00,-33,2621,880,275,211,206,20,2267,6725,845,-30,8182,0
2022-01-01 04:50:00-08:00,-33,2569,879,277,211,206,20,2267,6796,844,-118,8312,0
2022-01-01 04:55:00-08:00,-33,2564,880,277,211,206,20,2267,6880,867,-130,8292,0
2022-01-01 05:00:00-08:00,-33,2534,879,280,211,206,20,2266,6871,877,-76,8291,0
2022-01-01 05:05:00-08:00,-33,2501,879,281,211,206,20,2267,6843,905,93,8252,0
2022-01-01 05:10:00-08:00,-33,2454,878,283,210,206,20,2266,6787,957,125,8269,0
2022-01-01 05:15:00-08:00,-33,2407,878,282,210,206,19,2267,6765,981,115,8313,0
2022-01-01 05:20:00-08:00,-33,2372,878,282,210,206,19,2267,6856,990,30,8430,0
2022-01-01 05:25:00-08:00,-33,2336,878,286,210,206,20,2266,6891,981,49,8467,0
2022-01-01 05:30:00-08:00,-33,2289,876,289,210,206,19,2267,6854,969,74,8514,0
2022-01-01 05:35:00-08:00,-33,2260,878,287,209,205,19,2266,6850,977,130,8534,0
2022-01-01 05:40:00-08:00,-33,2220,878,287,209,205,19,2267,6846,980,175,8546,0
2022-01-01 05:45:00-08:00,-33,2158,878,287,209,205,19,2266,6885,991,182,8551,0
2022-01-01 05:50:00-08:00,-33,2132,877,286,209,206,19,2266,6913,1002,199,8540,0
2022-01-01 05:55:00-08:00,-33,2103,878,284,210,206,19,2267,6908,995,195,8575,0
2022-01-01 06:00:00-08:00,-33,2059,879,286,211,206,19,2267,6977,1008,159,8625,0
2022-01-01 06:05:00-08:00,-33,1996,878,286,210,205,20,2267,7114,1118,116,8644,0
2022-01-01 06:10:00-08:00,-34,1950,879,287,210,205,19,2267,7190,1142,86,8768,0
2022-01-01 06:15:00-08:00,-34,1913,879,289,210,205,20,2267,7179,1163,147,8804,0
2022-01-01 06:20:00-08:00,-34,1893,878,286,211,205,20,2266,7181,1128,138,8824,0
2022-01-01 06:25:00-08:00,-34,1881,879,284,209,205,20,2266,7228,1117,103,8874,0
2022-01-01 06:30:00-08:00,-34,1896,878,282,209,205,20,2266,7285,1088,205,8799,0
2022-01-01 06:35:00-08:00,-33,1915,879,282,209,205,19,2266,7441,1060,194,8684,0
2022-01-01 06:40:00-08:00,-32,1928,873,284,210,205,19,2266,7544,1068,149,8650,0
2022-01-01 06:45:00-08:00,-26,1948,879,283,209,206,20,2267,7578,1073,164,8643,0
2022-01-01 06:50:00-08:00,-15,1949,879,286,209,206,20,2267,7607,1080,178,8621,0
2022-01-01 06:55:00-08:00,10,1965,878,286,210,206,21,2266,7619,1094,114,8594,0
2022-01-01 07:00:00-08:00,63,1965,878,286,209,206,21,2266,7587,1052,74,8721,0
2022-01-01 07:05:00-08:00,149,1963,879,287,210,204,21,2266,7481,1088,227,8656,0
2022-01-01 07:10:00-08:00,256,1942,879,290,209,203,21,2265,7311,1115,226,8691,0
2022-01-01 07:15:00-08:00,442,1935,878,288,210,203,21,2265,7268,1102,115,8622,0
2022-01-01 07:20:00-08:00,690,1917,879,287,209,203,21,2265,7243,1072,134,8453,0
2022-01-01 07:25:00-08:00,983,1878,878,289,209,203,20,2266,7166,1052,61,8352,0
2022-01-01 07:30:00-08:00,1392,1854,877,286,209,203,19,2266,7118,1032,-3,8172,0
2022-01-01 07:35:00-08:00,1826,1832,878,285,209,203,19,2266,6844,978,-4,8104,0
2022-01-01 07:40:00-08:00,2274,1837,879,286,209,203,20,2266,6554,958,10,7950,0
2022-01-01 07:45:00-08:00,2739,1858,879,284,209,203,19,2267,6236,886,-46,7862,0
2022-01-01 07:50:00-08:00,3226,1833,879,286,211,202,20,2267,6032,897,-8,7694,0
2022-01-01 07:55:00-08:00,3702,1818,880,286,209,187,21,2267,5693,939,106,7306,0
2022-01-01 08:00:00-08:00,4205,1822,879,285,209,162,21,2267,5492,948,162,6786,0
2022-01-01 08:05:00-08:00,4692,1828,878,285,208,161,21,2267,5375,933,133,6536,0
2022-01-01 08:10:00-08:00,5260,1818,878,287,208,151,20,2266,5218,942,37,6220,0
2022-01-01 08:15:00-08:00,5747,1820,878,284,208,147,20,2266,5099,964,67,5760,0
2022-01-01 08:20:00-08:00,6252,1838,878,283,207,146,21,2266,4972,919,14,5402,0
2022-01-01 08:25:00-08:00,6713,1839,878,282,207,146,20,2266,4969,898,-100,5163,0
2022-01-01 08:30:00-08:00,7158,1807,878,283,207,146,20,2267,5049,908,-256,4812,0
2022-01-01 08:35:00-08:00,7590,1776,878,282,207,146,20,2266,4930,716,-210,4828,0
2022-01-01 08:40:00-08:00,8172,1759,878,283,207,146,20,2267,4891,596,-380,4705,0
2022-01-01 08:45:00-08:00,8357,1758,878,289,208,146,21,2266,4918,514,-476,4699,0
2022-01-01 08:50:00-08:00,8333,1748,878,294,207,146,20,2266,4971,598,-570,4680,0
2022-01-01 08:55:00-08:00,8215,1783,877,293,207,146,21,2266,4970,604,-519,4613,0
2022-01-01 09:00:00-08:00,8414,1781,876,292,207,147,20,2266,4762,604,-505,4445,0
2022-01-01 09:05:00-08:00,8980,1749,876,291,207,147,21,2266,4307,465,-469,4333,0
2022-01-01 09:10:00-08:00,9044,1747,877,293,206,147,21,2266,3952,319,-357,4431,0
2022-01-01 09:15:00-08:00,9426,1754,878,292,206,147,20,2266,3896,242,-366,4203,0
2022-01-01 09:20:00-08:00,9579,1802,878,294,206,147,20,2266,3973,202,-718,4319,0
2022-01-01 09:25:00-08:00,9517,1866,878,295,206,147,20,2266,4040,201,-588,4149,0
2022-01-01 09:30:00-08:00,9560,1917,877,296,206,147,20,2266,3900,190,-559,3956,0
2022-01-01 09:35:00-08:00,9541,1995,877,292,205,146,20,2266,3875,151,-567,3879,0
2022-01-01 09:40:00-08:00,9506,2057,877,292,204,146,20,2267,3954,154,-666,3854,0
2022-01-01 09:45:00-08:00,9344,2085,877,290,204,146,20,2266,4055,184,-671,3775,0
2022-01-01 09:50:00-08:00,9090,2114,878,289,204,146,21,2267,3951,206,-634,3817,0
2022-01-01 09:55:00-08:00,9049,2126,877,291,205,146,20,2266,3991,228,-624,3702,0
2022-01-01 10:00:00-08:00,9175,2169,876,293,206,146,20,2268,3981,168,-658,3516,0
2022-01-01 10:05:00-08:00,9234,2198,877,292,205,146,20,2267,4041,180,-736,3390,0
2022-01-01 10:10:00-08:00,9367,2189,876,292,206,146,20,2266,4064,199,-746,3206,0
2022-01-01 10:15:00-08:00,9654,2161,876,295,205,146,21,2267,4197,206,-962,3050,0
2022-01-01 10:20:00-08:00,9572,2150,876,297,205,146,20,2266,4357,195,-1043,3110,0
2022-01-01 10:25:00-08:00,9512,2143,877,296,205,145,19,2267,4354,186,-1013,3113,0
2022-01-01 10:30:00-08:00,9563,2109,876,294,204,145,19,2268,4230,200,-909,2904,0
2022-01-01 10:35:00-08:00,9473,2106,876,299,204,145,20,2268,4183,182,-903,2893,0
2022-01-01 10:40:00-08:00,9475,2116,877,297,204,145,19,2268,4068,207,-775,2719,0
2022-01-01 10:45:00-08:00,9436,2169,876,294,204,145,20,2268,3905,197,-797,2797,0
2022-01-01 10:50:00-08:00,9479,2175,876,291,204,145,20,2268,3823,231,-739,2682,0
2022-01-01 10:55:00-08:00,9476,2183,876,294,204,145,20,2267,3801,253,-717,2545,0
2022-01-01 11:00:00-08:00,9564,2196,876,296,203,145,21,2268,3725,221,-750,2437,0
2022-01-01 11:05:00-08:00,9375,2211,877,296,204,145,20,2268,3677,253,-638,2448,0
2022-01-01 11:10:00-08:00,9382,2215,876,300,204,145,20,2266,3533,267,-546,2376,0
2022-01-01 11:15:00-08:00,9509,2190,875,299,204,145,20,2268,3507,249,-548,2199,0
2022-01-01 11:20:00-08:00,9427,2200,875,298,203,146,20,2267,3430,299,-470,2130,0
2022-01-01 11:25:00-08:00,9375,2219,874,301,204,145,20,2268,3405,314,-450,2071,0
2022-01-01 11:30:00-08:00,9535,2250,874,301,204,145,19,2267,3380,248,-508,1976,0
2022-01-01 11:35:00-08:00,9584,2246,875,302,203,145,19,2267,3454,234,-545,1978,0
2022-01-01 11:40:00-08:00,9504,2241,875,299,203,145,19,2267,3470,218,-558,1984,0
2022-01-01 11:45:00-08:00,9266,2217,876,299,203,145,19,2267,3483,268,-492,2106,0
2022-01-01 11:50:00-08:00,9183,2223,876,298,202,145,19,2267,3418,328,-456,2033,0
2022-01-01 11:55:00-08:00,9181,2204,876,295,203,145,20,2266,3371,355,-460,1980,0
2022-01-01 12:00:00-08:00,9036,2180,876,294,203,145,20,2267,3410,346,-525,2169,0
2022-01-01 12:05:00-08:00,9224,2194,876,293,203,145,19,2266,3479,278,-585,2072,0
2022-01-01 12:10:00-08:00,9184,2230,875,293,205,144,19,2267,3571,227,-627,2103,0
2022-01-01 12:15:00-08:00,9276,2263,875,291,204,144,19,2266,3526,212,-600,1994,0
2022-01-01 12:20:00-08:00,9428,2265,875,293,204,143,18,2266,3563,163,-575,1890,0
2022-01-01 12:25:00-08:00,9674,2273,875,299,204,143,18,2266,3554,115,-603,1701,0
2022-01-01 12:30:00-08:00,9756,2302,874,300,204,143,17,2266,3801,90,-773,1715,0
2022-01-01 12:35:00-08:00,9555,2252,874,299,205,144,18,2265,3754,110,-707,1881,0
2022-01-01 12:40:00-08:00,9152,2238,874,299,204,144,19,2265,3602,185,-562,2091,0
2022-01-01 12:45:00-08:00,9123,2247,876,300,204,143,18,2266,3476,214,-505,2036,0
2022-01-01 12:50:00-08:00,9481,2261,876,300,205,142,18,2265,3502,153,-566,1831,0
2022-01-01 12:55:00-08:00,9855,2281,876,299,205,142,18,2265,3688,95,-843,1703,0
2022-01-01 13:00:00-08:00,9650,2270,876,299,204,142,18,2264,3920,96,-936,2000,0
2022-01-01 13:05:00-08:00,9368,2267,877,298,205,142,18,2264,3723,151,-647,1953,0
2022-01-01 13:10:00-08:00,9310,2302,877,299,205,142,19,2264,3571,152,-594,1956,0
2022-01-01 13:15:00-08:00,9377,2279,876,299,205,142,18,2264,3566,110,-580,1941,0
2022-01-01 13:20:00-08:00,9275,2277,876,301,204,142,18,2263,3519,122,-551,2028,0
2022-01-01 13:25:00-08:00,9194,2255,877,300,205,142,18,2264,3525,138,-548,2097,0
2022-01-01 13:30:00-08:00,9176,2249,876,300,205,143,18,2263,3579,141,-521,2111,0
2022-01-01 13:35:00-08:00,9118,2245,876,300,205,143,18,2264,3602,114,-478,2162,0
2022-01-01 13:40:00-08:00,8876,2234,877,292,206,143,19,2264,3631,204,-416,2329,0
2022-01-01 13:45:00-08:00,8831,2229,876,292,205,143,18,2263,3562,249,-400,2367,0
2022-01-01 13:50:00-08:00,8955,2224,876,292,206,143,19,2264,3543,212,-431,2338,0
2022-01-01 13:55:00-08:00,8987,2260,876,294,206,143,18,2264,3822,168,-590,2347,0
2022-01-01 14:00:00-08:00,8836,2258,876,295,205,142,18,2263,4315,182,-759,2629,0
2022-01-01 14:05:00-08:00,8794,2266,874,294,204,142,18,2264,4337,196,-741,2689,0
2022-01-01 14:10:00-08:00,8523,2254,875,292,204,143,18,2264,4334,228,-714,2945,0
2022-01-01 14:15:00-08:00,8449,2280,875,292,204,143,18,2264,4278,188,-578,2927,0
2022-01-01 14:20:00-08:00,8448,2283,875,297,204,143,18,2264,4321,199,-577,2948,0
2022-01-01 14:25:00-08:00,8549,2250,875,297,204,143,18,2264,4319,181,-463,2822,0
2022-01-01 14:30:00-08:00,8705,2227,875,298,204,142,18,2264,4659,154,-705,2794,0
2022-01-01 14:35:00-08:00,8537,2162,874,299,204,142,19,2265,4847,153,-661,3005,0
2022-01-01 14:40:00-08:00,8314,2154,874,297,205,142,19,2264,4660,198,-315,2980,0
2022-01-01 14:45:00-08:00,8554,2166,874,296,205,142,19,2265,4574,175,-303,2804,0
2022-01-01 14:50:00-08:00,8887,2177,874,294,206,142,19,2265,4680,104,-436,2589,0
2022-01-01 14:55:00-08:00,8865,2172,874,294,205,142,18,2263,5065,113,-494,2646,0
2022-01-01 15:00:00-08:00,8519,2132,869,294,205,143,19,2264,5451,150,-498,2601,0
2022-01-01 15:05:00-08:00,8008,2097,876,296,205,157,19,2264,5684,162,-313,2745,0
2022-01-01 15:10:00-08:00,7171,2030,875,292,206,195,18,2264,5686,313,-199,3265,0
2022-01-01 15:15:00-08:00,6748,2000,876,289,205,195,19,2264,5839,434,-108,3444,0
2022-01-01 15:20:00-08:00,6633,1976,875,290,205,195,20,2264,5623,781,-76,3205,0
2022-01-01 15:25:00-08:00,6943,1952,875,291,206,194,20,2263,5626,776,-136,3063,0
2022-01-01 15:30:00-08:00,6866,1948,876,297,205,194,20,2263,5759,821,-136,3090,0
2022-01-01 15:35:00-08:00,6457,1910,877,298,205,194,19,2264,5804,1064,-148,3255,0
2022-01-01 15:40:00-08:00,5930,1898,877,295,205,195,19,2264,5703,1199,-44,3661,0
2022-01-01 15:45:00-08:00,5406,1883,876,294,206,195,20,2264,5728,1214,122,4017,0
2022-01-01 15:50:00-08:00,4779,1852,877,294,205,195,20,2264,5949,1205,346,4323,0
2022-01-01 15:55:00-08:00,4233,1827,874,295,206,195,20,2263,6287,1227,372,4738,0
2022-01-01 16:00:00-08:00,3690,1838,877,295,205,195,20,2264,6455,1242,419,5182,0
2022-01-01 16:05:00-08:00,3083,1852,878,297,205,195,19,2264,6653,1515,505,5291,0
2022-01-01 16:10:00-08:00,2575,1837,878,295,205,194,19,2264,6772,1734,482,5606,0
2022-01-01 16:15:00-08:00,2036,1812,878,296,207,193,19,2264,7060,1861,485,6022,0
2022-01-01 16:20:00-08:00,1582,1772,878,295,205,198,20,2264,7367,1937,495,6302,0
2022-01-01 16:25:00-08:00,1204,1714,878,297,205,205,19,2264,7678,2018,595,6522,0
2022-01-01 16:30:00-08:00,877,1701,878,298,205,207,19,2264,7847,2026,669,6677,0
2022-01-01 16:35:00-08:00,632,1693,878,297,205,210,19,2265,8317,2134,817,6671,0
2022-01-01 16:40:00-08:00,442,1670,878,294,205,210,18,2266,8582,2282,928,6632,0
2022-01-01 16:45:00-08:00,327,1655,877,295,204,210,18,2266,8651,2461,1060,6600,0
2022-01-01 16:50:00-08:00,209,1640,878,295,204,203,18,2265,9084,2611,1128,6293,0
2022-01-01 16:55:00-08:00,163,1651,877,294,205,208,18,2266,9260,2787,1119,6260,0
2022-01-01 17:00:00-08:00,59,1660,878,294,205,225,19,2266,9509,2836,1235,6184,0
2022-01-01 17:05:00-08:00,-48,1627,878,293,205,237,18,2266,9904,2896,1383,5924,0
2022-01-01 17:10:00-08:00,-52,1609,878,295,206,242,18,2266,10094,2864,1413,5954,0
2022-01-01 17:15:00-08:00,-51,1578,878,294,205,243,19,2267,10383,2869,1473,5885,0
2022-01-01 17:20:00-08:00,-49,1548,878,293,205,242,18,2267,10705,2882,1442,5898,0
2022-01-01 17:25:00-08:00,-48,1545,878,295,206,243,18,2266,10846,2887,1416,5987,0
2022-01-01 17:30:00-08:00,-47,1527,878,296,205,244,18,2267,10984,2879,1348,6114,0
2022-01-01 17:35:00-08:00,-46,1495,879,295,205,243,19,2267,10948,2829,1395,6301,0
2022-01-01 17:40:00-08:00,-46,1495,879,295,205,243,19,2267,10875,2818,1441,6410,0
2022-01-01 17:45:00-08:00,-46,1510,879,295,205,243,19,2267,10825,2793,1410,6572,0
2022-01-01 17:50:00-08:00,-46,1516,878,298,205,242,19,2267,10881,2763,1407,6637,0
2022-01-01 17:55:00-08:00,-46,1501,878,299,206,239,20,2266,10804,2727,1284,6854,0
2022-01-01 18:00:00-08:00,-46,1497,879,297,207,237,20,2267,10813,2638,1191,7091,0
2022-01-01 18:05:00-08:00,-47,1506,879,296,207,235,19,2267,10841,2655,1101,7147,0
2022-01-01 18:10:00-08:00,-46,1492,872,297,207,234,19,2267,10854,2629,1091,7289,0
2022-01-01 18:15:00-08:00,-46,1488,878,297,207,235,20,2267,10886,2635,1097,7257,0
2022-01-01 18:20:00-08:00,-45,1489,877,297,208,234,19,2267,10745,2661,1135,7383,0
2022-01-01 18:25:00-08:00,-45,1496,878,296,208,234,19,2267,10736,2672,1217,7245,0
2022-01-01 18:30:00-08:00,-45,1497,878,297,208,234,18,2267,10919,2639,1185,7134,0
2022-01-01 18:35:00-08:00,-45,1522,878,297,207,233,17,2268,10884,2576,1232,7151,0
2022-01-01 18:40:00-08:00,-45,1551,878,298,207,233,18,2268,10875,2596,1208,7150,0
2022-01-01 18:45:00-08:00,-45,1564,878,296,208,233,18,2268,10542,2660,1305,7400,0
2022-01-01 18:50:00-08:00,-44,1542,878,298,208,234,17,2267,10171,2695,1318,7661,0
2022-01-01 18:55:00-08:00,-43,1510,877,298,207,233,17,2268,10326,3193,1072,7343,0
2022-01-01 19:00:00-08:00,-42,1461,877,297,207,233,17,2267,10313,3244,1035,7291,0
2022-01-01 19:05:00-08:00,-44,1440,877,299,208,234,17,2267,10196,2755,1182,7513,0
2022-01-01 19:10:00-08:00,-44,1398,877,297,208,223,17,2267,10324,2573,1141,7728,0
2022-01-01 19:15:00-08:00,-44,1405,878,296,208,193,18,2266,10286,2543,1114,7873,0
2022-01-01 19:20:00-08:00,-44,1390,877,299,208,193,18,2266,10186,2508,1131,7931,0
2022-01-01 19:25:00-08:00,-44,1379,877,301,208,193,18,2266,10208,2491,1126,7922,0
2022-01-01 19:30:00-08:00,-44,1358,877,299,209,194,18,2266,10200,2446,1088,7971,0
2022-01-01 19:35:00-08:00,-44,1326,878,297,209,194,18,2266,10234,2385,1106,7956,0
2022-01-01 19:40:00-08:00,-44,1288,878,296,209,194,18,2266,10201,2371,1042,7992,0
2022-01-01 19:45:00-08:00,-44,1261,877,295,209,195,18,2265,10360,2356,1059,7855,0
2022-01-01 19:50:00-08:00,-44,1217,877,294,209,195,17,2265,10338,2330,1036,7914,0
2022-01-01 19:55:00-08:00,-44,1185,877,293,208,195,18,2265,10256,2329,881,8047,0
2022-01-01 20:00:00-08:00,-41,1174,877,294,209,195,18,2264,10434,2332,668,8178,0
2022-01-01 20:05:00-08:00,-43,1146,876,297,208,195,18,2265,10325,2400,797,8133,0
2022-01-01 20:10:00-08:00,-43,1135,877,294,208,195,17,2265,10142,2366,738,8224,0
2022-01-01 20:15:00-08:00,-43,1128,877,291,209,195,18,2265,10146,2301,688,8330,0
2022-01-01 20:20:00-08:00,-43,1100,877,291,209,196,18,2265,10199,2269,611,8339,0
2022-01-01 20:25:00-08:00,-42,1073,877,290,209,196,18,2265,10269,2262,584,8326,0
2022-01-01 20:30:00-08:00,-42,1063,877,291,208,196,17,2265,10293,2284,546,8305,0
2022-01-01 20:35:00-08:00,-42,1037,877,291,208,195,17,2265,10294,2352,498,8250,0
2022-01-01 20:40:00-08:00,-42,995,876,291,208,194,18,2265,10291,2351,467,8266,0
2022-01-01 20:45:00-08:00,-42,959,876,290,208,194,17,2265,10289,2235,511,8271,0
2022-01-01 20:50:00-08:00,-42,940,876,291,208,194,17,2265,10259,2044,508,8413,0
2022-01-01 20:55:00-08:00,-42,912,877,293,209,194,18,2265,10290,2027,397,8485,0
2022-01-01 21:00:00-08:00,-42,906,877,294,209,194,17,2265,10445,2000,360,8420,0
2022-01-01 21:05:00-08:00,-42,887,877,295,209,195,18,2264,10601,1931,509,8200,0
2022-01-01 21:10:00-08:00,-43,879,877,296,209,195,18,2264,10614,1866,586,8090,0
2022-01-01 21:15:00-08:00,-43,897,877,297,209,196,17,2264,10607,1864,561,8055,0
2022-01-01 21:20:00-08:00,-43,919,878,297,208,195,17,2265,10477,1852,494,8169,0
2022-01-01 21:25:00-08:00,-42,929,876,295,208,196,18,2265,10485,1845,325,8276,0
2022-01-01 21:30:00-08:00,-42,931,878,294,208,196,18,2266,10525,1841,260,8293,0
2022-01-01 21:35:00-08:00,-42,932,879,296,208,196,18,2266,10526,1841,255,8268,0
2022-01-01 21:40:00-08:00,-42,912,878,299,209,196,18,2265,10520,1831,246,8255,0
2022-01-01 21:45:00-08:00,-42,890,877,297,209,195,18,2265,10481,1784,234,8280,0
2022-01-01 21:50:00-08:00,-42,871,879,295,207,196,18,2265,10446,1617,240,8381,0
2022-01-01 21:55:00-08:00,-42,883,879,296,208,195,18,2266,10570,1606,129,8428,0
2022-01-01 22:00:00-08:00,-43,899,879,296,208,195,18,2266,10568,1523,250,8227,0
2022-01-01 22:05:00-08:00,-43,917,879,296,207,195,19,2265,10636,1481,315,7972,0
2022-01-01 22:10:00-08:00,-43,935,879,295,208,195,18,2265,10595,1467,301,7905,0
2022-01-01 22:15:00-08:00,-43,933,880,297,207,194,18,2265,10642,1471,331,7729,0
2022-01-01 22:20:00-08:00,-43,934,879,299,206,194,18,2264,10505,1478,222,7820,0
2022-01-01 22:25:00-08:00,-43,953,879,297,206,195,18,2265,10498,1468,172,7856,0
2022-01-01 22:30:00-08:00,-43,945,879,296,206,196,19,2266,10493,1464,138,7821,0
2022-01-01 22:35:00-08:00,-43,929,880,294,206,195,18,2265,10448,1468,99,7815,0
2022-01-01 22:40:00-08:00,-43,923,880,294,205,194,18,2265,10410,1459,-16,7883,0
2022-01-01 22:45:00-08:00,-43,940,879,295,206,194,18,2265,10453,1446,-48,7843,0
2022-01-01 22:50:00-08:00,-43,964,879,294,206,194,18,2266,10262,1404,71,7869,0
2022-01-01 22:55:00-08:00,-42,983,880,294,206,194,18,2265,9997,1405,102,7925,0
2022-01-01 23:00:00-08:00,-43,1006,879,293,206,194,18,2265,9939,1376,99,7917,0
2022-01-01 23:05:00-08:00,-43,1042,879,293,206,195,18,2265,9936,1260,56,7854,0
2022-01-01 23:10:00-08:00,-43,1086,879,291,207,195,17,2265,10001,1180,52,7814,0
2022-01-01 23:15:00-08:00,-43,1135,879,293,207,194,17,2265,9981,1183,38,7735,0
2022-01-01 23:20:00-08:00,-43,1154,880,296,207,194,17,2265,9838,1176,5,7811,0
2022-01-01 23:25:00-08:00,-43,1180,879,292,207,194,17,2265,9792,1230,1,7794,0
2022-01-01 23:30:00-08:00,-43,1170,880,292,207,194,18,2266,9823,1312,-53,7674,0
2022-01-01 23:35:00-08:00,-42,1134,879,292,206,194,18,2265,9880,1321,-18,7483,0
2022-01-01 23:40:00-08:00,-43,1108,880,292,206,195,18,2264,9907,1306,-77,7400,0
2022-01-01 23:45:00-08:00,-43,1082,880,294,207,195,18,2265,9983,1297,-130,7384,0
2022-01-01 23:50:00-08:00,-43,1079,879,291,207,194,17,2265,9961,1291,-57,7218,0
2022-01-01 23:55:00-08:00,-43,1047,879,296,207,179,18,2265,9941,1280,-130,7271,0
