Time,Coal,Hydro,Landfill Gas,Natural Gas,Nuclear,Oil,Other,Refuse,Solar,Wind,Wood
2022-05-01 00:06:07-04:00,2.0,1241.0,29.0,3957.0,2121.0,0.0,0.0,354.0,0.0,286.0,209.0
2022-05-01 00:10:32-04:00,0.0,1235.0,29.0,3972.0,2119.0,0.0,0.0,357.0,0.0,295.0,206.0
2022-05-01 00:11:02-04:00,0.0,1235.0,29.0,3972.0,2119.0,0.0,0.0,357.0,0.0,295.0,206.0
2022-05-01 00:18:41-04:00,2.0,1234.0,29.0,3582.0,2121.0,0.0,16.0,354.0,0.0,301.0,204.0
2022-05-01 00:24:06-04:00,0.0,1236.0,29.0,3618.0,2121.0,0.0,0.0,353.0,0.0,316.0,205.0
2022-05-01 00:29:26-04:00,0.0,1236.0,29.0,3494.0,2119.0,0.0,1.0,356.0,0.0,311.0,205.0
2022-05-01 00:37:27-04:00,0.0,1235.0,29.0,3421.0,2121.0,0.0,0.0,361.0,0.0,312.0,204.0
2022-05-01 00:40:55-04:00,0.0,1235.0,29.0,3421.0,2121.0,0.0,0.0,361.0,0.0,312.0,204.0
2022-05-01 00:45:28-04:00,0.0,1233.0,29.0,3487.0,2120.0,0.0,0.0,352.0,0.0,308.0,201.0
2022-05-01 00:52:04-04:00,2.0,1237.0,29.0,3363.0,2119.0,0.0,0.0,358.0,0.0,311.0,203.0
2022-05-01 00:53:53-04:00,2.0,1237.0,29.0,3363.0,2119.0,0.0,0.0,358.0,0.0,311.0,203.0
2022-05-01 00:58:33-04:00,1.0,1191.0,29.0,3335.0,2119.0,0.0,1.0,353.0,0.0,318.0,201.0
2022-05-01 01:00:31-04:00,0.0,1191.0,29.0,3322.0,2119.0,0.0,1.0,354.0,0.0,327.0,202.0
2022-05-01 01:05:54-04:00,0.0,1203.0,29.0,3309.0,2123.0,0.0,13.0,351.0,0.0,332.0,203.0
2022-05-01 01:07:50-04:00,1.0,1193.0,29.0,3304.0,2121.0,0.0,1.0,351.0,0.0,344.0,202.0
2022-05-01 01:10:20-04:00,1.0,1193.0,29.0,3304.0,2121.0,0.0,1.0,351.0,0.0,344.0,202.0
2022-05-01 01:23:46-04:00,0.0,1191.0,29.0,3163.0,2119.0,0.0,2.0,360.0,0.0,385.0,198.0
2022-05-01 01:27:39-04:00,4.0,1181.0,29.0,3251.0,2119.0,0.0,1.0,340.0,0.0,386.0,200.0
2022-05-01 01:45:05-04:00,1.0,962.0,28.0,3340.0,2119.0,0.0,11.0,351.0,0.0,371.0,197.0
2022-05-01 01:51:04-04:00,0.0,955.0,28.0,3354.0,2120.0,0.0,1.0,363.0,0.0,378.0,201.0
2022-05-01 01:52:39-04:00,0.0,955.0,29.0,3346.0,2120.0,0.0,1.0,359.0,0.0,377.0,201.0
2022-05-01 02:05:14-04:00,0.0,975.0,28.0,3261.0,2119.0,0.0,1.0,362.0,0.0,392.0,200.0
2022-05-01 02:08:17-04:00,0.0,975.0,28.0,3261.0,2119.0,0.0,1.0,362.0,0.0,392.0,200.0
2022-05-01 02:12:31-04:00,0.0,973.0,28.0,3280.0,2119.0,0.0,1.0,361.0,0.0,401.0,200.0
2022-05-01 02:14:48-04:00,0.0,973.0,28.0,3280.0,2119.0,0.0,1.0,361.0,0.0,401.0,200.0
2022-05-01 02:20:33-04:00,2.0,973.0,28.0,3222.0,2119.0,0.0,18.0,349.0,0.0,411.0,198.0
2022-05-01 02:26:08-04:00,0.0,973.0,29.0,3310.0,2119.0,0.0,1.0,360.0,0.0,406.0,197.0
2022-05-01 02:31:39-04:00,1.0,972.0,29.0,3209.0,2118.0,0.0,3.0,360.0,0.0,406.0,199.0
2022-05-01 02:36:21-04:00,4.0,971.0,29.0,3210.0,2121.0,0.0,1.0,360.0,0.0,415.0,197.0
2022-05-01 02:54:35-04:00,0.0,973.0,29.0,3201.0,2119.0,0.0,1.0,352.0,0.0,414.0,196.0
2022-05-01 03:01:39-04:00,0.0,971.0,29.0,3167.0,2121.0,0.0,7.0,361.0,0.0,399.0,194.0
2022-05-01 03:06:02-04:00,0.0,972.0,29.0,3216.0,2119.0,0.0,2.0,351.0,0.0,397.0,194.0
2022-05-01 03:07:36-04:00,0.0,971.0,29.0,3260.0,2119.0,0.0,0.0,351.0,0.0,386.0,195.0
2022-05-01 03:12:14-04:00,0.0,971.0,29.0,3260.0,2119.0,0.0,0.0,351.0,0.0,386.0,195.0
2022-05-01 03:16:22-04:00,0.0,969.0,29.0,3320.0,2119.0,0.0,0.0,352.0,0.0,368.0,194.0
2022-05-01 03:21:38-04:00,0.0,969.0,29.0,3287.0,2121.0,0.0,0.0,349.0,0.0,353.0,193.0
2022-05-01 03:30:08-04:00,0.0,970.0,28.0,3219.0,2119.0,0.0,4.0,353.0,0.0,323.0,193.0
2022-05-01 03:36:37-04:00,1.0,972.0,28.0,3321.0,2119.0,0.0,0.0,355.0,0.0,312.0,191.0
2022-05-01 03:42:20-04:00,1.0,972.0,28.0,3321.0,2119.0,0.0,0.0,355.0,0.0,312.0,191.0
2022-05-01 03:43:54-04:00,0.0,972.0,28.0,3247.0,2119.0,0.0,19.0,361.0,0.0,318.0,189.0
2022-05-01 03:51:18-04:00,1.0,971.0,29.0,3283.0,2121.0,0.0,0.0,359.0,0.0,315.0,189.0
2022-05-01 03:53:46-04:00,2.0,971.0,29.0,3281.0,2119.0,0.0,4.0,354.0,0.0,315.0,188.0
2022-05-01 03:58:13-04:00,2.0,971.0,29.0,3281.0,2119.0,0.0,4.0,354.0,0.0,315.0,188.0
2022-05-01 04:02:42-04:00,0.0,952.0,29.0,3251.0,2119.0,0.0,2.0,345.0,0.0,293.0,188.0
2022-05-01 04:05:51-04:00,0.0,955.0,28.0,3315.0,2119.0,0.0,1.0,349.0,0.0,273.0,191.0
2022-05-01 04:23:39-04:00,0.0,959.0,28.0,3399.0,2119.0,0.0,3.0,348.0,0.0,236.0,188.0
2022-05-01 04:28:29-04:00,0.0,959.0,28.0,3399.0,2119.0,0.0,3.0,348.0,0.0,236.0,188.0
2022-05-01 04:35:26-04:00,0.0,959.0,29.0,3371.0,2119.0,0.0,3.0,357.0,0.0,254.0,189.0
2022-05-01 04:53:01-04:00,0.0,959.0,29.0,3439.0,2118.0,0.0,3.0,357.0,0.0,269.0,190.0
2022-05-01 04:59:04-04:00,0.0,959.0,29.0,3439.0,2118.0,0.0,3.0,357.0,0.0,269.0,190.0
2022-05-01 05:00:51-04:00,1.0,1094.0,29.0,3304.0,2119.0,0.0,1.0,360.0,0.0,266.0,191.0
2022-05-01 05:09:28-04:00,0.0,1095.0,28.0,3397.0,2119.0,0.0,1.0,361.0,0.0,274.0,191.0
2022-05-01 05:10:59-04:00,0.0,1095.0,28.0,3397.0,2119.0,0.0,1.0,361.0,0.0,274.0,191.0
2022-05-01 05:12:43-04:00,0.0,1095.0,28.0,3397.0,2119.0,0.0,1.0,361.0,0.0,274.0,191.0
2022-05-01 05:29:04-04:00,0.0,1091.0,28.0,3397.0,2121.0,0.0,9.0,345.0,0.0,281.0,193.0
2022-05-01 05:31:08-04:00,2.0,1094.0,28.0,3400.0,2119.0,0.0,6.0,358.0,0.0,274.0,195.0
2022-05-01 05:43:56-04:00,4.0,1096.0,29.0,3523.0,2119.0,0.0,1.0,354.0,1.0,274.0,196.0
2022-05-01 05:48:01-04:00,0.0,1094.0,29.0,3464.0,2120.0,0.0,1.0,352.0,2.0,288.0,195.0
2022-05-01 05:58:44-04:00,1.0,1099.0,29.0,3496.0,2119.0,0.0,0.0,358.0,5.0,291.0,195.0
2022-05-01 06:02:13-04:00,1.0,1100.0,29.0,3431.0,2119.0,0.0,40.0,351.0,7.0,303.0,197.0
2022-05-01 06:22:19-04:00,1.0,1238.0,28.0,3480.0,2119.0,0.0,0.0,349.0,20.0,327.0,200.0
2022-05-01 06:42:48-04:00,4.0,1107.0,28.0,3332.0,2121.0,0.0,0.0,359.0,40.0,325.0,196.0
2022-05-01 06:56:53-04:00,0.0,1107.0,28.0,3442.0,2120.0,0.0,0.0,352.0,58.0,286.0,198.0
2022-05-01 07:09:48-04:00,1.0,1329.0,28.0,3377.0,2119.0,0.0,1.0,353.0,86.0,288.0,196.0
2022-05-01 07:19:14-04:00,7.0,1331.0,28.0,3384.0,2119.0,0.0,14.0,360.0,106.0,273.0,197.0
2022-05-01 07:29:00-04:00,2.0,1329.0,28.0,3330.0,2118.0,0.0,1.0,361.0,134.0,273.0,194.0
2022-05-01 07:37:52-04:00,0.0,1332.0,28.0,3291.0,2121.0,0.0,1.0,357.0,158.0,293.0,190.0
2022-05-01 07:48:43-04:00,2.0,1338.0,28.0,3247.0,2121.0,0.0,9.0,366.0,200.0,302.0,193.0
2022-05-01 07:59:09-04:00,0.0,1334.0,28.0,3152.0,2121.0,0.0,0.0,348.0,238.0,318.0,191.0
2022-05-01 08:10:10-04:00,3.0,1207.0,28.0,3062.0,2119.0,0.0,2.0,369.0,268.0,308.0,191.0
2022-05-01 08:23:00-04:00,2.0,1205.0,28.0,3154.0,2120.0,0.0,0.0,360.0,296.0,316.0,189.0
2022-05-01 08:27:11-04:00,1.0,1207.0,28.0,3082.0,2121.0,0.0,12.0,364.0,311.0,302.0,187.0
2022-05-01 08:39:07-04:00,2.0,1206.0,28.0,2748.0,2121.0,0.0,8.0,362.0,345.0,280.0,187.0
2022-05-01 08:47:57-04:00,3.0,1206.0,28.0,2738.0,2121.0,0.0,0.0,363.0,374.0,289.0,186.0
2022-05-01 08:54:58-04:00,6.0,1049.0,28.0,2698.0,2121.0,0.0,14.0,363.0,388.0,291.0,187.0
2022-05-01 09:07:48-04:00,4.0,1056.0,28.0,2766.0,2119.0,0.0,0.0,370.0,408.0,284.0,186.0
2022-05-01 09:17:46-04:00,1.0,1056.0,28.0,2765.0,2121.0,0.0,0.0,369.0,412.0,283.0,185.0
2022-05-01 09:20:37-04:00,1.0,1056.0,28.0,2765.0,2121.0,0.0,0.0,369.0,412.0,283.0,185.0
2022-05-01 09:24:11-04:00,1.0,1056.0,28.0,2703.0,2120.0,0.0,0.0,364.0,451.0,276.0,185.0
2022-05-01 09:32:54-04:00,3.0,1056.0,28.0,2627.0,2121.0,0.0,5.0,365.0,465.0,279.0,183.0
2022-05-01 09:39:03-04:00,3.0,1057.0,28.0,2645.0,2121.0,0.0,18.0,365.0,466.0,282.0,182.0
2022-05-01 09:47:04-04:00,3.0,1055.0,28.0,2681.0,2121.0,0.0,0.0,367.0,466.0,282.0,183.0
2022-05-01 09:55:41-04:00,0.0,1049.0,28.0,2643.0,2120.0,0.0,0.0,359.0,477.0,290.0,183.0
2022-05-01 10:04:38-04:00,4.0,1028.0,28.0,2529.0,2121.0,0.0,0.0,368.0,498.0,285.0,181.0
2022-05-01 10:10:49-04:00,3.0,1031.0,28.0,2687.0,2121.0,0.0,39.0,362.0,503.0,296.0,181.0
2022-05-01 10:17:13-04:00,1.0,1028.0,28.0,2715.0,2123.0,0.0,1.0,366.0,502.0,280.0,181.0
2022-05-01 10:25:32-04:00,3.0,1031.0,28.0,2722.0,2119.0,0.0,2.0,357.0,511.0,312.0,181.0
2022-05-01 10:31:27-04:00,6.0,1016.0,28.0,2808.0,2121.0,0.0,2.0,360.0,513.0,310.0,179.0
2022-05-01 10:36:13-04:00,2.0,1016.0,28.0,2868.0,2121.0,0.0,0.0,360.0,513.0,315.0,183.0
2022-05-01 10:45:11-04:00,9.0,1018.0,28.0,2849.0,2121.0,0.0,1.0,365.0,513.0,326.0,182.0
2022-05-01 10:53:00-04:00,5.0,1013.0,28.0,2804.0,2121.0,0.0,3.0,365.0,512.0,317.0,181.0
2022-05-01 11:03:12-04:00,4.0,1011.0,28.0,2800.0,2123.0,0.0,2.0,360.0,506.0,300.0,183.0
2022-05-01 11:08:25-04:00,4.0,1002.0,27.0,2806.0,2121.0,0.0,0.0,357.0,515.0,287.0,183.0
2022-05-01 11:22:54-04:00,5.0,1003.0,28.0,2895.0,2121.0,3.0,0.0,362.0,520.0,256.0,180.0
2022-05-01 11:38:30-04:00,2.0,1003.0,27.0,2829.0,2123.0,3.0,2.0,357.0,520.0,293.0,182.0
2022-05-01 11:52:59-04:00,5.0,999.0,27.0,2787.0,2120.0,3.0,1.0,363.0,516.0,296.0,182.0
2022-05-01 12:07:50-04:00,0.0,981.0,28.0,2845.0,2121.0,2.0,0.0,361.0,516.0,255.0,184.0
2022-05-01 12:22:53-04:00,6.0,980.0,27.0,2867.0,2121.0,0.0,0.0,358.0,514.0,273.0,182.0
2022-05-01 12:42:01-04:00,2.0,981.0,27.0,2807.0,2121.0,0.0,0.0,356.0,515.0,257.0,184.0
2022-05-01 12:56:24-04:00,4.0,981.0,27.0,2843.0,2121.0,0.0,0.0,365.0,516.0,240.0,183.0
2022-05-01 13:08:34-04:00,6.0,955.0,27.0,2746.0,2121.0,0.0,5.0,358.0,513.0,218.0,183.0
2022-05-01 13:24:56-04:00,6.0,952.0,27.0,2678.0,2121.0,0.0,0.0,359.0,517.0,202.0,184.0
2022-05-01 13:40:22-04:00,7.0,952.0,27.0,2650.0,2119.0,0.0,0.0,351.0,514.0,223.0,182.0
2022-05-01 13:53:51-04:00,7.0,950.0,27.0,2630.0,2121.0,0.0,0.0,355.0,513.0,213.0,181.0
2022-05-01 14:06:23-04:00,7.0,958.0,27.0,2613.0,2121.0,0.0,2.0,367.0,513.0,204.0,180.0
2022-05-01 14:16:51-04:00,4.0,958.0,27.0,2613.0,2123.0,0.0,10.0,354.0,507.0,194.0,182.0
2022-05-01 14:27:16-04:00,1.0,955.0,27.0,2759.0,2121.0,0.0,0.0,360.0,512.0,191.0,183.0
2022-05-01 14:38:28-04:00,2.0,955.0,27.0,2838.0,2119.0,0.0,1.0,363.0,508.0,185.0,186.0
2022-05-01 14:49:27-04:00,4.0,957.0,27.0,2826.0,2123.0,0.0,2.0,362.0,509.0,179.0,183.0
2022-05-01 14:58:51-04:00,3.0,952.0,27.0,3203.0,2118.0,0.0,0.0,357.0,500.0,172.0,184.0
2022-05-01 15:07:45-04:00,0.0,939.0,27.0,3239.0,2119.0,0.0,0.0,353.0,499.0,175.0,182.0
2022-05-01 15:17:23-04:00,0.0,932.0,27.0,3380.0,2119.0,0.0,2.0,355.0,483.0,171.0,182.0
2022-05-01 15:22:34-04:00,0.0,932.0,27.0,3481.0,2121.0,0.0,0.0,358.0,481.0,171.0,183.0
2022-05-01 15:35:28-04:00,0.0,932.0,27.0,3599.0,2119.0,0.0,3.0,364.0,468.0,175.0,183.0
2022-05-01 15:47:20-04:00,1.0,935.0,27.0,3828.0,2119.0,0.0,2.0,356.0,456.0,170.0,184.0
2022-05-01 15:50:57-04:00,4.0,980.0,27.0,3911.0,2121.0,0.0,0.0,349.0,439.0,185.0,183.0
2022-05-01 15:56:04-04:00,4.0,975.0,27.0,3898.0,2119.0,0.0,3.0,353.0,442.0,165.0,183.0
2022-05-01 16:00:13-04:00,0.0,970.0,27.0,3821.0,2119.0,0.0,0.0,350.0,431.0,175.0,183.0
2022-05-01 16:03:26-04:00,0.0,975.0,27.0,3713.0,2119.0,0.0,25.0,355.0,421.0,167.0,184.0
2022-05-01 16:10:47-04:00,0.0,1098.0,27.0,3754.0,2119.0,0.0,0.0,357.0,397.0,166.0,184.0
2022-05-01 16:14:36-04:00,0.0,1098.0,27.0,3754.0,2119.0,0.0,0.0,357.0,397.0,166.0,184.0
2022-05-01 16:16:56-04:00,2.0,1099.0,27.0,3725.0,2121.0,0.0,1.0,360.0,391.0,170.0,183.0
2022-05-01 16:23:27-04:00,5.0,1102.0,27.0,3755.0,2119.0,0.0,0.0,361.0,376.0,177.0,183.0
2022-05-01 16:28:17-04:00,4.0,1107.0,27.0,4052.0,2121.0,0.0,0.0,359.0,366.0,166.0,185.0
2022-05-01 16:31:53-04:00,4.0,1102.0,27.0,4106.0,2119.0,0.0,0.0,365.0,359.0,165.0,183.0
2022-05-01 16:38:52-04:00,7.0,1105.0,28.0,4219.0,2121.0,0.0,10.0,358.0,351.0,157.0,181.0
2022-05-01 16:41:40-04:00,7.0,1105.0,28.0,4219.0,2121.0,0.0,10.0,358.0,351.0,157.0,181.0
2022-05-01 16:48:35-04:00,8.0,1105.0,27.0,4060.0,2119.0,0.0,0.0,361.0,331.0,170.0,181.0
2022-05-01 16:55:04-04:00,0.0,1115.0,28.0,4368.0,2121.0,0.0,0.0,361.0,291.0,145.0,180.0
2022-05-01 17:05:46-04:00,2.0,1175.0,28.0,4595.0,2119.0,0.0,2.0,363.0,271.0,147.0,182.0
2022-05-01 17:10:59-04:00,2.0,1171.0,28.0,4590.0,2119.0,0.0,27.0,356.0,252.0,122.0,183.0
2022-05-01 17:12:49-04:00,2.0,1171.0,28.0,4590.0,2119.0,0.0,27.0,356.0,252.0,122.0,183.0
2022-05-01 17:17:30-04:00,0.0,1172.0,27.0,4691.0,2121.0,0.0,0.0,348.0,230.0,136.0,183.0
2022-05-01 17:29:30-04:00,0.0,1307.0,28.0,4897.0,2119.0,0.0,27.0,357.0,187.0,127.0,184.0
2022-05-01 17:30:42-04:00,0.0,1307.0,28.0,4897.0,2119.0,0.0,27.0,357.0,187.0,127.0,184.0
2022-05-01 17:38:00-04:00,0.0,1533.0,28.0,5036.0,2119.0,0.0,0.0,362.0,177.0,118.0,184.0
2022-05-01 17:47:26-04:00,6.0,1676.0,28.0,4986.0,2118.0,0.0,0.0,352.0,147.0,128.0,184.0
2022-05-01 17:53:03-04:00,0.0,1683.0,28.0,5070.0,2119.0,0.0,1.0,354.0,128.0,138.0,182.0
2022-05-01 17:58:01-04:00,0.0,1669.0,28.0,5102.0,2119.0,0.0,9.0,353.0,118.0,127.0,182.0
2022-05-01 18:06:42-04:00,0.0,1802.0,28.0,5184.0,2120.0,0.0,0.0,354.0,95.0,126.0,184.0
2022-05-01 18:11:14-04:00,0.0,1736.0,28.0,5199.0,2118.0,0.0,26.0,358.0,85.0,123.0,183.0
2022-05-01 18:18:08-04:00,9.0,1786.0,27.0,5289.0,2118.0,0.0,0.0,360.0,74.0,124.0,184.0
2022-05-01 18:25:02-04:00,4.0,1667.0,28.0,5276.0,2118.0,0.0,0.0,361.0,68.0,121.0,185.0
2022-05-01 18:31:14-04:00,3.0,1680.0,28.0,5298.0,2118.0,0.0,1.0,360.0,53.0,123.0,189.0
2022-05-01 18:36:09-04:00,2.0,1674.0,28.0,5296.0,2118.0,0.0,1.0,360.0,45.0,127.0,189.0
2022-05-01 18:40:02-04:00,2.0,1676.0,28.0,5299.0,2118.0,0.0,1.0,358.0,43.0,127.0,188.0
2022-05-01 18:46:38-04:00,2.0,1718.0,28.0,5264.0,2118.0,0.0,3.0,354.0,34.0,136.0,190.0
2022-05-01 18:53:02-04:00,2.0,1841.0,28.0,5190.0,2119.0,0.0,18.0,350.0,29.0,137.0,191.0
2022-05-01 19:00:29-04:00,5.0,1807.0,28.0,5221.0,2118.0,0.0,13.0,355.0,24.0,123.0,191.0
2022-05-01 19:07:27-04:00,5.0,1806.0,28.0,5275.0,2116.0,0.0,7.0,352.0,19.0,107.0,193.0
2022-05-01 19:12:43-04:00,5.0,1862.0,28.0,5282.0,2116.0,0.0,9.0,355.0,15.0,97.0,191.0
2022-05-01 19:14:29-04:00,5.0,1862.0,28.0,5282.0,2116.0,0.0,9.0,355.0,15.0,97.0,191.0
2022-05-01 19:15:47-04:00,5.0,1775.0,28.0,5292.0,2116.0,0.0,49.0,356.0,13.0,93.0,194.0
2022-05-01 19:22:08-04:00,4.0,1972.0,28.0,5298.0,2118.0,0.0,7.0,363.0,9.0,93.0,189.0
2022-05-01 19:23:46-04:00,4.0,1972.0,28.0,5315.0,2118.0,0.0,13.0,358.0,8.0,101.0,193.0
2022-05-01 19:29:40-04:00,4.0,1866.0,28.0,5382.0,2116.0,0.0,7.0,360.0,5.0,121.0,192.0
2022-05-01 19:37:43-04:00,2.0,1962.0,28.0,5375.0,2116.0,0.0,7.0,361.0,2.0,129.0,190.0
2022-05-01 19:39:51-04:00,2.0,1961.0,28.0,5383.0,2116.0,0.0,8.0,355.0,1.0,136.0,191.0
2022-05-01 19:53:29-04:00,1.0,1965.0,28.0,5388.0,2116.0,0.0,8.0,361.0,0.0,146.0,194.0
2022-05-01 20:07:08-04:00,0.0,1966.0,28.0,5307.0,2119.0,0.0,10.0,357.0,0.0,139.0,197.0
2022-05-01 20:09:04-04:00,0.0,2019.0,28.0,5296.0,2118.0,0.0,5.0,363.0,0.0,140.0,197.0
2022-05-01 20:18:13-04:00,0.0,1965.0,28.0,5344.0,2118.0,0.0,9.0,361.0,0.0,139.0,198.0
2022-05-01 20:21:45-04:00,1.0,1979.0,28.0,5307.0,2119.0,0.0,32.0,361.0,0.0,140.0,200.0
2022-05-01 20:25:41-04:00,1.0,1944.0,28.0,5302.0,2116.0,0.0,12.0,356.0,0.0,137.0,200.0
2022-05-01 20:28:43-04:00,2.0,1908.0,28.0,5339.0,2116.0,0.0,8.0,354.0,0.0,137.0,201.0
2022-05-01 20:36:52-04:00,3.0,1865.0,28.0,5348.0,2118.0,0.0,9.0,362.0,0.0,136.0,199.0
2022-05-01 20:42:02-04:00,0.0,1871.0,28.0,5273.0,2118.0,0.0,10.0,351.0,0.0,129.0,202.0
2022-05-01 20:45:33-04:00,3.0,1877.0,28.0,5265.0,2118.0,0.0,9.0,358.0,0.0,126.0,201.0
2022-05-01 20:54:54-04:00,0.0,1828.0,28.0,5214.0,2118.0,0.0,14.0,359.0,0.0,116.0,202.0
2022-05-01 21:00:39-04:00,0.0,1726.0,28.0,5128.0,2118.0,0.0,18.0,359.0,0.0,115.0,204.0
2022-05-01 21:07:47-04:00,0.0,1715.0,28.0,5036.0,2119.0,0.0,1.0,363.0,0.0,120.0,203.0
2022-05-01 21:10:41-04:00,0.0,1721.0,28.0,5021.0,2118.0,0.0,1.0,361.0,0.0,119.0,203.0
2022-05-01 21:14:29-04:00,0.0,1395.0,28.0,5080.0,2118.0,0.0,35.0,359.0,0.0,131.0,203.0
2022-05-01 21:24:12-04:00,0.0,1509.0,28.0,5069.0,2119.0,0.0,2.0,360.0,0.0,142.0,203.0
2022-05-01 21:27:43-04:00,0.0,1384.0,28.0,5111.0,2119.0,0.0,2.0,355.0,0.0,151.0,203.0
2022-05-01 21:31:08-04:00,0.0,1384.0,28.0,5123.0,2118.0,0.0,2.0,356.0,0.0,153.0,205.0
2022-05-01 21:39:18-04:00,0.0,1467.0,28.0,5024.0,2118.0,0.0,1.0,361.0,0.0,170.0,203.0
2022-05-01 21:44:17-04:00,2.0,1381.0,28.0,5164.0,2119.0,0.0,1.0,362.0,0.0,173.0,204.0
2022-05-01 21:46:53-04:00,1.0,1378.0,28.0,5182.0,2116.0,0.0,1.0,361.0,0.0,173.0,203.0
2022-05-01 21:51:42-04:00,0.0,1380.0,28.0,5031.0,2115.0,0.0,29.0,358.0,0.0,178.0,205.0
2022-05-01 21:56:48-04:00,2.0,1544.0,28.0,4766.0,2118.0,0.0,9.0,361.0,0.0,182.0,203.0
2022-05-01 22:09:16-04:00,1.0,1542.0,28.0,4761.0,2118.0,0.0,2.0,360.0,0.0,167.0,203.0
2022-05-01 22:18:26-04:00,0.0,1530.0,28.0,4442.0,2118.0,0.0,1.0,363.0,0.0,170.0,204.0
2022-05-01 22:24:11-04:00,0.0,1386.0,28.0,4517.0,2119.0,0.0,1.0,361.0,0.0,159.0,202.0
2022-05-01 22:38:41-04:00,6.0,1237.0,28.0,4435.0,2118.0,0.0,1.0,364.0,0.0,175.0,202.0
2022-05-01 22:40:29-04:00,4.0,1229.0,28.0,4437.0,2118.0,0.0,1.0,363.0,0.0,177.0,200.0
2022-05-01 22:55:26-04:00,4.0,1326.0,28.0,4349.0,2118.0,0.0,1.0,367.0,0.0,175.0,201.0
2022-05-01 23:01:41-04:00,2.0,1170.0,28.0,4338.0,2118.0,0.0,0.0,356.0,0.0,168.0,199.0
2022-05-01 23:08:07-04:00,5.0,1157.0,28.0,4272.0,2118.0,0.0,1.0,365.0,0.0,174.0,200.0
2022-05-01 23:17:00-04:00,6.0,927.0,28.0,4275.0,2119.0,0.0,5.0,366.0,0.0,183.0,201.0
2022-05-01 23:21:25-04:00,0.0,927.0,28.0,4241.0,2119.0,0.0,4.0,359.0,0.0,180.0,201.0
2022-05-01 23:29:55-04:00,0.0,926.0,28.0,4218.0,2119.0,0.0,0.0,368.0,0.0,178.0,200.0
2022-05-01 23:38:31-04:00,1.0,919.0,28.0,4142.0,2118.0,0.0,0.0,358.0,0.0,170.0,200.0
2022-05-01 23:43:33-04:00,0.0,922.0,28.0,4070.0,2118.0,0.0,1.0,361.0,0.0,174.0,198.0
2022-05-01 23:54:56-04:00,0.0,925.0,28.0,4042.0,2120.0,0.0,3.0,366.0,0.0,175.0,199.0
