Time,Dual Fuel,Hydro,Natural Gas,Nuclear,Other Fossil Fuels,Other Renewables,Wind
2022-09-01 00:05:00-04:00,3387.0,2497.0,4001.0,3044.0,2.0,207.0,762.0
2022-09-01 00:10:00-04:00,3369.0,2543.0,3980.0,3042.0,2.0,208.0,753.0
2022-09-01 00:15:00-04:00,3309.0,2627.0,3931.0,3042.0,2.0,209.0,746.0
2022-09-01 00:20:00-04:00,3249.0,2662.0,3921.0,3042.0,2.0,210.0,728.0
2022-09-01 00:25:00-04:00,3185.0,2681.0,3915.0,3045.0,3.0,212.0,676.0
2022-09-01 00:30:00-04:00,3177.0,2676.0,3909.0,3045.0,2.0,206.0,646.0
2022-09-01 00:35:00-04:00,3229.0,2663.0,3958.0,3046.0,3.0,205.0,657.0
2022-09-01 00:40:00-04:00,3260.0,2631.0,3988.0,3046.0,3.0,206.0,666.0
2022-09-01 00:45:00-04:00,3298.0,2589.0,3957.0,3047.0,2.0,204.0,668.0
2022-09-01 00:50:00-04:00,3241.0,2564.0,3925.0,3046.0,2.0,204.0,644.0
2022-09-01 00:55:00-04:00,3147.0,2618.0,3859.0,3050.0,3.0,205.0,626.0
2022-09-01 01:00:00-04:00,3061.0,2584.0,3858.0,3050.0,2.0,205.0,613.0
2022-09-01 01:05:00-04:00,2983.0,2625.0,3894.0,3050.0,2.0,205.0,612.0
2022-09-01 01:10:00-04:00,2936.0,2616.0,3938.0,3049.0,3.0,205.0,606.0
2022-09-01 01:15:00-04:00,2932.0,2635.0,3911.0,3048.0,2.0,205.0,596.0
2022-09-01 01:15:54-04:00,2972.0,2580.0,3845.0,3052.0,3.0,203.0,587.0
2022-09-01 01:17:06-04:00,2982.0,2586.0,3819.0,3050.0,2.0,202.0,585.0
2022-09-01 01:20:00-04:00,2982.0,2601.0,3779.0,3050.0,2.0,203.0,578.0
2022-09-01 01:25:00-04:00,2976.0,2609.0,3761.0,3050.0,2.0,204.0,565.0
2022-09-01 01:30:00-04:00,2905.0,2603.0,3753.0,3051.0,2.0,205.0,565.0
2022-09-01 01:35:00-04:00,2868.0,2674.0,3728.0,3049.0,2.0,210.0,558.0
2022-09-01 01:40:00-04:00,2810.0,2665.0,3725.0,3052.0,2.0,207.0,541.0
2022-09-01 01:45:00-04:00,2782.0,2678.0,3727.0,3050.0,2.0,207.0,516.0
2022-09-01 01:50:00-04:00,2766.0,2688.0,3727.0,3051.0,2.0,208.0,498.0
2022-09-01 01:55:00-04:00,2758.0,2671.0,3722.0,3052.0,2.0,207.0,497.0
2022-09-01 02:00:00-04:00,2778.0,2649.0,3716.0,3052.0,2.0,208.0,505.0
2022-09-01 02:05:00-04:00,2788.0,2638.0,3708.0,3052.0,2.0,207.0,509.0
2022-09-01 02:10:00-04:00,2731.0,2628.0,3654.0,3053.0,2.0,205.0,520.0
2022-09-01 02:15:00-04:00,2735.0,2602.0,3669.0,3054.0,2.0,205.0,531.0
2022-09-01 02:20:00-04:00,2770.0,2614.0,3708.0,3053.0,2.0,206.0,526.0
2022-09-01 02:25:00-04:00,2737.0,2629.0,3707.0,3054.0,2.0,205.0,518.0
2022-09-01 02:30:00-04:00,2725.0,2636.0,3683.0,3054.0,2.0,207.0,519.0
2022-09-01 02:35:00-04:00,2707.0,2628.0,3646.0,3054.0,2.0,207.0,502.0
2022-09-01 02:40:00-04:00,2704.0,2643.0,3617.0,3052.0,2.0,208.0,499.0
2022-09-01 02:45:00-04:00,2696.0,2636.0,3610.0,3054.0,2.0,209.0,495.0
2022-09-01 02:50:00-04:00,2691.0,2614.0,3598.0,3055.0,2.0,210.0,495.0
2022-09-01 02:55:00-04:00,2679.0,2633.0,3583.0,3054.0,2.0,212.0,514.0
2022-09-01 03:00:00-04:00,2678.0,2592.0,3597.0,3053.0,2.0,211.0,533.0
2022-09-01 03:05:00-04:00,2690.0,2596.0,3625.0,3055.0,2.0,212.0,550.0
2022-09-01 03:10:00-04:00,2697.0,2579.0,3618.0,3055.0,2.0,210.0,554.0
2022-09-01 03:15:00-04:00,2681.0,2586.0,3571.0,3055.0,2.0,210.0,550.0
2022-09-01 03:20:00-04:00,2667.0,2601.0,3509.0,3055.0,2.0,211.0,546.0
2022-09-01 03:25:00-04:00,2662.0,2640.0,3510.0,3055.0,2.0,212.0,534.0
2022-09-01 03:30:00-04:00,2671.0,2619.0,3533.0,3054.0,3.0,210.0,521.0
2022-09-01 03:35:00-04:00,2669.0,2598.0,3552.0,3055.0,2.0,210.0,522.0
2022-09-01 03:40:00-04:00,2666.0,2595.0,3551.0,3057.0,3.0,211.0,526.0
2022-09-01 03:45:00-04:00,2649.0,2561.0,3541.0,3057.0,2.0,211.0,526.0
2022-09-01 03:50:00-04:00,2639.0,2597.0,3488.0,3056.0,2.0,210.0,517.0
2022-09-01 03:55:00-04:00,2638.0,2607.0,3443.0,3056.0,2.0,208.0,509.0
2022-09-01 04:00:00-04:00,2638.0,2656.0,3414.0,3056.0,2.0,209.0,506.0
2022-09-01 04:05:00-04:00,2650.0,2656.0,3439.0,3055.0,2.0,209.0,507.0
2022-09-01 04:10:00-04:00,2671.0,2660.0,3474.0,3055.0,2.0,209.0,511.0
2022-09-01 04:15:00-04:00,2676.0,2670.0,3474.0,3055.0,2.0,207.0,493.0
2022-09-01 04:20:00-04:00,2678.0,2683.0,3481.0,3056.0,2.0,209.0,487.0
2022-09-01 04:25:00-04:00,2675.0,2659.0,3529.0,3056.0,3.0,208.0,483.0
2022-09-01 04:30:00-04:00,2675.0,2654.0,3545.0,3057.0,2.0,208.0,486.0
2022-09-01 04:35:00-04:00,2672.0,2624.0,3540.0,3056.0,3.0,208.0,474.0
2022-09-01 04:40:00-04:00,2674.0,2656.0,3562.0,3057.0,3.0,210.0,470.0
2022-09-01 04:45:00-04:00,2677.0,2604.0,3631.0,3070.0,3.0,207.0,465.0
2022-09-01 04:50:00-04:00,2683.0,2598.0,3610.0,3075.0,2.0,206.0,442.0
2022-09-01 04:55:00-04:00,2676.0,2627.0,3580.0,3061.0,2.0,208.0,422.0
2022-09-01 05:00:00-04:00,2687.0,2688.0,3572.0,3058.0,2.0,210.0,406.0
2022-09-01 05:05:00-04:00,2731.0,2652.0,3681.0,3057.0,2.0,209.0,411.0
2022-09-01 05:10:00-04:00,2751.0,2579.0,3710.0,3059.0,3.0,209.0,418.0
2022-09-01 05:15:00-04:00,2767.0,2533.0,3757.0,3060.0,2.0,210.0,427.0
2022-09-01 05:20:00-04:00,2772.0,2502.0,3794.0,3060.0,2.0,208.0,439.0
2022-09-01 05:25:00-04:00,2765.0,2535.0,3782.0,3059.0,3.0,208.0,443.0
2022-09-01 05:30:00-04:00,2768.0,2561.0,3819.0,3062.0,3.0,207.0,445.0
2022-09-01 05:35:00-04:00,2771.0,2556.0,3840.0,3060.0,1.0,209.0,452.0
2022-09-01 05:40:00-04:00,2774.0,2550.0,3846.0,3061.0,2.0,209.0,460.0
2022-09-01 05:45:00-04:00,2767.0,2607.0,3843.0,3062.0,2.0,209.0,486.0
2022-09-01 05:47:06-04:00,2766.0,2612.0,3853.0,3061.0,3.0,208.0,514.0
2022-09-01 05:50:00-04:00,2767.0,2569.0,3883.0,3063.0,3.0,207.0,539.0
2022-09-01 05:51:24-04:00,2767.0,2631.0,3884.0,3061.0,2.0,207.0,553.0
2022-09-01 05:55:00-04:00,2765.0,2650.0,3873.0,3061.0,2.0,207.0,576.0
2022-09-01 06:00:00-04:00,2774.0,2629.0,3838.0,3061.0,2.0,207.0,600.0
2022-09-01 06:05:00-04:00,2801.0,2595.0,3882.0,3062.0,3.0,209.0,631.0
2022-09-01 06:10:00-04:00,2863.0,2538.0,4022.0,3062.0,2.0,211.0,676.0
2022-09-01 06:15:00-04:00,2876.0,2544.0,4069.0,3063.0,2.0,208.0,709.0
2022-09-01 06:20:00-04:00,2908.0,2534.0,4087.0,3062.0,2.0,207.0,710.0
2022-09-01 06:25:00-04:00,2930.0,2528.0,4078.0,3063.0,2.0,207.0,714.0
2022-09-01 06:30:00-04:00,2939.0,2548.0,4097.0,3062.0,2.0,206.0,705.0
2022-09-01 06:35:00-04:00,2889.0,2585.0,4112.0,3062.0,2.0,205.0,682.0
2022-09-01 06:40:00-04:00,2893.0,2628.0,4147.0,3061.0,2.0,206.0,667.0
2022-09-01 06:45:00-04:00,2905.0,2632.0,4210.0,3061.0,2.0,205.0,663.0
2022-09-01 06:50:00-04:00,2896.0,2643.0,4229.0,3062.0,2.0,205.0,652.0
2022-09-01 06:55:00-04:00,2921.0,2676.0,4227.0,3064.0,7.0,205.0,633.0
2022-09-01 07:00:00-04:00,2961.0,2759.0,4139.0,3063.0,49.0,207.0,611.0
2022-09-01 07:05:00-04:00,3011.0,2854.0,4049.0,3064.0,59.0,209.0,590.0
2022-09-01 07:10:00-04:00,3066.0,2971.0,4036.0,3063.0,53.0,210.0,575.0
2022-09-01 07:15:00-04:00,3119.0,3015.0,4078.0,3062.0,51.0,212.0,540.0
2022-09-01 07:20:00-04:00,3136.0,3023.0,4108.0,3064.0,50.0,213.0,523.0
2022-09-01 07:25:00-04:00,3132.0,3023.0,4174.0,3063.0,54.0,217.0,520.0
2022-09-01 07:30:00-04:00,3144.0,3014.0,4244.0,3064.0,55.0,219.0,524.0
2022-09-01 07:35:00-04:00,3176.0,2999.0,4264.0,3064.0,53.0,221.0,519.0
2022-09-01 07:40:00-04:00,3206.0,2996.0,4278.0,3062.0,59.0,222.0,527.0
2022-09-01 07:45:00-04:00,3256.0,2955.0,4320.0,3064.0,62.0,221.0,544.0
2022-09-01 07:50:00-04:00,3278.0,2965.0,4294.0,3063.0,92.0,220.0,551.0
2022-09-01 07:55:00-04:00,3322.0,2994.0,4253.0,3064.0,109.0,224.0,546.0
2022-09-01 08:00:00-04:00,3340.0,3042.0,4190.0,3062.0,109.0,229.0,529.0
2022-09-01 08:05:00-04:00,3385.0,3139.0,4138.0,3062.0,109.0,232.0,527.0
2022-09-01 08:10:00-04:00,3400.0,3151.0,4169.0,3063.0,109.0,238.0,530.0
2022-09-01 08:15:00-04:00,3458.0,3132.0,4172.0,3062.0,109.0,242.0,531.0
2022-09-01 08:20:00-04:00,3508.0,3112.0,4198.0,3065.0,109.0,238.0,516.0
2022-09-01 08:25:00-04:00,3536.0,3088.0,4246.0,3063.0,109.0,242.0,517.0
2022-09-01 08:30:00-04:00,3557.0,3081.0,4250.0,3062.0,109.0,243.0,521.0
2022-09-01 08:35:00-04:00,3577.0,3086.0,4261.0,3062.0,109.0,244.0,529.0
2022-09-01 08:40:00-04:00,3598.0,3086.0,4265.0,3063.0,109.0,247.0,540.0
2022-09-01 08:45:00-04:00,3602.0,3095.0,4304.0,3065.0,109.0,249.0,568.0
2022-09-01 08:50:00-04:00,3597.0,3087.0,4329.0,3064.0,109.0,251.0,575.0
2022-09-01 08:55:00-04:00,3591.0,3077.0,4328.0,3065.0,109.0,253.0,561.0
2022-09-01 09:00:00-04:00,3582.0,3102.0,4305.0,3065.0,112.0,256.0,537.0
2022-09-01 09:05:00-04:00,3590.0,3119.0,4277.0,3065.0,114.0,255.0,525.0
2022-09-01 09:10:00-04:00,3577.0,3109.0,4319.0,3066.0,104.0,258.0,501.0
2022-09-01 09:15:00-04:00,3610.0,3132.0,4335.0,3065.0,104.0,260.0,504.0
2022-09-01 09:20:00-04:00,3638.0,3149.0,4326.0,3065.0,104.0,257.0,459.0
2022-09-01 09:25:00-04:00,3670.0,3158.0,4343.0,3065.0,104.0,256.0,448.0
2022-09-01 09:30:00-04:00,3684.0,3165.0,4366.0,3066.0,104.0,260.0,494.0
2022-09-01 09:35:00-04:00,3677.0,3137.0,4406.0,3065.0,103.0,263.0,451.0
2022-09-01 09:40:00-04:00,3663.0,3129.0,4468.0,3065.0,103.0,263.0,438.0
2022-09-01 09:45:00-04:00,3631.0,3157.0,4429.0,3065.0,104.0,263.0,471.0
2022-09-01 09:50:00-04:00,3600.0,3156.0,4433.0,3066.0,103.0,264.0,421.0
2022-09-01 09:55:00-04:00,3551.0,3127.0,4469.0,3066.0,104.0,267.0,454.0
2022-09-01 09:59:18-04:00,3490.0,3154.0,4488.0,3065.0,103.0,259.0,393.0
2022-09-01 10:00:00-04:00,3416.0,3209.0,4487.0,3065.0,103.0,256.0,373.0
2022-09-01 10:01:12-04:00,3416.0,3212.0,4509.0,3064.0,104.0,253.0,375.0
2022-09-01 10:05:00-04:00,3425.0,3243.0,4543.0,3064.0,98.0,260.0,411.0
2022-09-01 10:10:00-04:00,3435.0,3241.0,4572.0,3065.0,95.0,266.0,411.0
2022-09-01 10:15:00-04:00,3475.0,3245.0,4570.0,3066.0,96.0,268.0,445.0
2022-09-01 10:20:00-04:00,3481.0,3249.0,4536.0,3067.0,100.0,268.0,471.0
2022-09-01 10:25:00-04:00,3507.0,3263.0,4512.0,3066.0,102.0,261.0,460.0
2022-09-01 10:30:00-04:00,3505.0,3277.0,4514.0,3067.0,59.0,258.0,482.0
2022-09-01 10:35:00-04:00,3459.0,3280.0,4519.0,3067.0,55.0,258.0,484.0
2022-09-01 10:40:00-04:00,3456.0,3304.0,4530.0,3066.0,55.0,257.0,504.0
2022-09-01 10:45:00-04:00,3433.0,3337.0,4572.0,3065.0,55.0,254.0,526.0
2022-09-01 10:50:00-04:00,3445.0,3282.0,4589.0,3066.0,55.0,251.0,514.0
2022-09-01 10:55:00-04:00,3468.0,3310.0,4597.0,3065.0,55.0,258.0,516.0
2022-09-01 11:00:00-04:00,3431.0,3276.0,4661.0,3067.0,56.0,264.0,519.0
2022-09-01 11:05:00-04:00,3438.0,3375.0,4681.0,3067.0,56.0,259.0,512.0
2022-09-01 11:10:00-04:00,3486.0,3355.0,4684.0,3068.0,57.0,255.0,521.0
2022-09-01 11:15:00-04:00,3504.0,3380.0,4676.0,3068.0,61.0,256.0,511.0
2022-09-01 11:20:00-04:00,3528.0,3407.0,4658.0,3067.0,61.0,259.0,505.0
2022-09-01 11:25:00-04:00,3562.0,3391.0,4644.0,3067.0,59.0,268.0,507.0
2022-09-01 11:30:00-04:00,3595.0,3402.0,4637.0,3067.0,53.0,270.0,492.0
2022-09-01 11:32:12-04:00,3623.0,3391.0,4639.0,3068.0,53.0,273.0,479.0
2022-09-01 11:33:36-04:00,3637.0,3386.0,4627.0,3068.0,53.0,275.0,484.0
2022-09-01 11:35:00-04:00,3640.0,3389.0,4613.0,3067.0,53.0,275.0,489.0
2022-09-01 11:40:00-04:00,3676.0,3367.0,4597.0,3067.0,53.0,275.0,479.0
2022-09-01 11:45:00-04:00,3734.0,3357.0,4573.0,3069.0,53.0,273.0,472.0
2022-09-01 11:50:00-04:00,3789.0,3379.0,4560.0,3067.0,53.0,267.0,476.0
2022-09-01 11:55:00-04:00,3826.0,3400.0,4558.0,3068.0,31.0,269.0,488.0
2022-09-01 12:00:00-04:00,3899.0,3490.0,4520.0,3070.0,7.0,270.0,498.0
2022-09-01 12:05:00-04:00,4146.0,3389.0,4576.0,3070.0,8.0,270.0,502.0
2022-09-01 12:10:00-04:00,4104.0,3450.0,4607.0,3069.0,8.0,270.0,504.0
2022-09-01 12:15:00-04:00,4151.0,3452.0,4605.0,3067.0,8.0,269.0,510.0
2022-09-01 12:20:00-04:00,4205.0,3357.0,4567.0,3068.0,8.0,269.0,514.0
2022-09-01 12:25:00-04:00,4238.0,3355.0,4537.0,3067.0,8.0,268.0,503.0
2022-09-01 12:30:00-04:00,4276.0,3332.0,4545.0,3067.0,8.0,266.0,524.0
2022-09-01 12:35:00-04:00,4306.0,3429.0,4543.0,3068.0,8.0,270.0,527.0
2022-09-01 12:40:00-04:00,4383.0,3411.0,4523.0,3069.0,8.0,269.0,518.0
2022-09-01 12:45:00-04:00,4455.0,3344.0,4517.0,3069.0,8.0,269.0,490.0
2022-09-01 12:50:00-04:00,4500.0,3369.0,4536.0,3069.0,8.0,264.0,478.0
2022-09-01 12:55:00-04:00,4441.0,3444.0,4605.0,3068.0,8.0,267.0,481.0
2022-09-01 13:00:00-04:00,4475.0,3400.0,4672.0,3068.0,8.0,269.0,480.0
2022-09-01 13:05:00-04:00,4638.0,3362.0,4663.0,3069.0,8.0,271.0,500.0
2022-09-01 13:10:00-04:00,4671.0,3400.0,4638.0,3067.0,8.0,265.0,480.0
2022-09-01 13:15:00-04:00,4782.0,3352.0,4616.0,3067.0,8.0,258.0,485.0
2022-09-01 13:20:00-04:00,4850.0,3349.0,4596.0,3069.0,8.0,257.0,472.0
2022-09-01 13:25:00-04:00,4929.0,3356.0,4577.0,3067.0,8.0,270.0,457.0
2022-09-01 13:30:00-04:00,4970.0,3318.0,4581.0,3069.0,8.0,267.0,449.0
2022-09-01 13:35:00-04:00,5072.0,3224.0,4616.0,3067.0,8.0,268.0,465.0
2022-09-01 13:40:00-04:00,5069.0,3303.0,4613.0,3066.0,9.0,267.0,442.0
2022-09-01 13:45:00-04:00,5070.0,3299.0,4631.0,3066.0,22.0,271.0,432.0
2022-09-01 13:50:00-04:00,5098.0,3274.0,4667.0,3068.0,23.0,277.0,435.0
2022-09-01 13:55:00-04:00,5127.0,3277.0,4698.0,3068.0,24.0,289.0,418.0
2022-09-01 14:00:00-04:00,5164.0,3253.0,4787.0,3068.0,23.0,281.0,405.0
2022-09-01 14:05:00-04:00,5229.0,3317.0,4893.0,3066.0,23.0,283.0,407.0
2022-09-01 14:10:00-04:00,5242.0,3380.0,4917.0,3067.0,20.0,285.0,403.0
2022-09-01 14:15:00-04:00,5247.0,3449.0,4911.0,3068.0,18.0,288.0,411.0
2022-09-01 14:20:00-04:00,5247.0,3487.0,4910.0,3067.0,18.0,287.0,402.0
2022-09-01 14:25:00-04:00,5268.0,3458.0,4909.0,3066.0,18.0,283.0,397.0
2022-09-01 14:30:00-04:00,5276.0,3408.0,4952.0,3067.0,18.0,281.0,398.0
2022-09-01 14:35:00-04:00,5281.0,3412.0,4953.0,3066.0,18.0,275.0,392.0
2022-09-01 14:40:00-04:00,5321.0,3406.0,4921.0,3066.0,18.0,270.0,380.0
2022-09-01 14:45:00-04:00,5394.0,3393.0,4928.0,3066.0,18.0,273.0,373.0
2022-09-01 14:50:00-04:00,5385.0,3372.0,4968.0,3066.0,18.0,282.0,369.0
2022-09-01 14:55:00-04:00,5376.0,3409.0,4999.0,3066.0,18.0,286.0,376.0
2022-09-01 15:00:00-04:00,5374.0,3390.0,5061.0,3067.0,18.0,277.0,372.0
2022-09-01 15:05:00-04:00,5324.0,3423.0,5214.0,3066.0,18.0,282.0,365.0
2022-09-01 15:10:00-04:00,5319.0,3470.0,5340.0,3067.0,18.0,274.0,355.0
2022-09-01 15:15:00-04:00,5289.0,3502.0,5396.0,3066.0,18.0,275.0,347.0
2022-09-01 15:20:00-04:00,5276.0,3520.0,5420.0,3066.0,18.0,278.0,342.0
2022-09-01 15:25:00-04:00,5263.0,3512.0,5418.0,3067.0,18.0,275.0,339.0
2022-09-01 15:30:00-04:00,5257.0,3566.0,5419.0,3067.0,17.0,274.0,331.0
2022-09-01 15:35:00-04:00,5274.0,3592.0,5425.0,3067.0,17.0,275.0,332.0
2022-09-01 15:40:00-04:00,5312.0,3590.0,5422.0,3066.0,18.0,279.0,329.0
2022-09-01 15:45:00-04:00,5368.0,3596.0,5405.0,3067.0,17.0,281.0,323.0
2022-09-01 15:50:00-04:00,5397.0,3591.0,5418.0,3066.0,17.0,276.0,340.0
2022-09-01 15:55:00-04:00,5407.0,3577.0,5458.0,3067.0,17.0,272.0,353.0
2022-09-01 16:00:00-04:00,5422.0,3631.0,5457.0,3067.0,17.0,280.0,380.0
2022-09-01 16:05:00-04:00,5439.0,3648.0,5454.0,3067.0,18.0,279.0,389.0
2022-09-01 16:09:06-04:00,5455.0,3786.0,5452.0,3066.0,18.0,281.0,388.0
2022-09-01 16:10:00-04:00,5478.0,3800.0,5434.0,3065.0,17.0,284.0,379.0
2022-09-01 16:10:30-04:00,5483.0,3795.0,5427.0,3070.0,18.0,283.0,373.0
2022-09-01 16:15:00-04:00,5501.0,3746.0,5423.0,3064.0,17.0,283.0,367.0
2022-09-01 16:15:42-04:00,5527.0,3744.0,5412.0,3064.0,18.0,281.0,368.0
2022-09-01 16:17:06-04:00,5539.0,3754.0,5416.0,3064.0,17.0,278.0,367.0
2022-09-01 16:20:00-04:00,5555.0,3783.0,5417.0,3066.0,17.0,270.0,350.0
2022-09-01 16:25:00-04:00,5577.0,3799.0,5434.0,3066.0,18.0,262.0,351.0
2022-09-01 16:30:00-04:00,5594.0,3793.0,5455.0,3066.0,17.0,263.0,351.0
2022-09-01 16:35:00-04:00,5621.0,3767.0,5522.0,3065.0,17.0,269.0,359.0
2022-09-01 16:40:00-04:00,5633.0,3775.0,5597.0,3065.0,17.0,273.0,362.0
2022-09-01 16:45:00-04:00,5665.0,3783.0,5669.0,3065.0,17.0,271.0,352.0
2022-09-01 16:50:00-04:00,5716.0,3749.0,5706.0,3066.0,17.0,270.0,350.0
2022-09-01 16:55:00-04:00,5739.0,3758.0,5713.0,3065.0,17.0,268.0,348.0
2022-09-01 17:00:00-04:00,5744.0,3752.0,5710.0,3063.0,17.0,267.0,337.0
2022-09-01 17:05:00-04:00,5760.0,3734.0,5653.0,3066.0,17.0,265.0,335.0
2022-09-01 17:10:00-04:00,5830.0,3708.0,5612.0,3066.0,17.0,264.0,338.0
2022-09-01 17:15:00-04:00,5834.0,3697.0,5603.0,3067.0,17.0,261.0,357.0
2022-09-01 17:20:00-04:00,5860.0,3748.0,5583.0,3065.0,17.0,261.0,368.0
2022-09-01 17:25:00-04:00,5886.0,3751.0,5584.0,3066.0,17.0,258.0,371.0
2022-09-01 17:30:00-04:00,5906.0,3744.0,5593.0,3065.0,18.0,255.0,363.0
2022-09-01 17:35:00-04:00,5928.0,3754.0,5559.0,3067.0,17.0,252.0,346.0
2022-09-01 17:40:00-04:00,5939.0,3781.0,5547.0,3065.0,17.0,256.0,338.0
2022-09-01 17:45:00-04:00,5946.0,3787.0,5563.0,3065.0,17.0,254.0,334.0
2022-09-01 17:50:00-04:00,5970.0,3733.0,5598.0,3064.0,17.0,254.0,333.0
2022-09-01 17:55:00-04:00,5971.0,3763.0,5610.0,3066.0,17.0,248.0,314.0
2022-09-01 18:00:00-04:00,5989.0,3763.0,5569.0,3065.0,17.0,250.0,300.0
2022-09-01 18:05:00-04:00,6005.0,3728.0,5501.0,3066.0,18.0,265.0,284.0
2022-09-01 18:10:00-04:00,5993.0,3651.0,5486.0,3066.0,17.0,246.0,266.0
2022-09-01 18:15:00-04:00,5975.0,3623.0,5494.0,3065.0,18.0,245.0,254.0
2022-09-01 18:20:00-04:00,5970.0,3536.0,5528.0,3065.0,17.0,241.0,240.0
2022-09-01 18:25:00-04:00,5953.0,3542.0,5526.0,3066.0,17.0,238.0,218.0
2022-09-01 18:30:00-04:00,5935.0,3529.0,5518.0,3066.0,17.0,235.0,205.0
2022-09-01 18:35:00-04:00,5918.0,3538.0,5534.0,3065.0,18.0,233.0,200.0
2022-09-01 18:40:00-04:00,5881.0,3516.0,5529.0,3065.0,18.0,231.0,200.0
2022-09-01 18:45:00-04:00,5844.0,3467.0,5493.0,3064.0,18.0,230.0,195.0
2022-09-01 18:50:00-04:00,5809.0,3483.0,5467.0,3066.0,18.0,229.0,180.0
2022-09-01 18:55:00-04:00,5768.0,3451.0,5480.0,3065.0,18.0,227.0,171.0
2022-09-01 19:00:00-04:00,5699.0,3413.0,5471.0,3065.0,18.0,235.0,168.0
2022-09-01 19:05:00-04:00,5541.0,3348.0,5308.0,3064.0,18.0,234.0,162.0
2022-09-01 19:10:00-04:00,5457.0,3298.0,5251.0,3063.0,18.0,229.0,158.0
2022-09-01 19:15:00-04:00,5450.0,3285.0,5193.0,3065.0,18.0,227.0,147.0
2022-09-01 19:20:00-04:00,5487.0,3279.0,5190.0,3063.0,18.0,226.0,146.0
2022-09-01 19:25:00-04:00,5461.0,3273.0,5170.0,3065.0,18.0,228.0,145.0
2022-09-01 19:30:00-04:00,5369.0,3269.0,5162.0,3064.0,18.0,227.0,143.0
2022-09-01 19:35:00-04:00,5217.0,3274.0,5167.0,3065.0,17.0,226.0,145.0
2022-09-01 19:40:00-04:00,5141.0,3284.0,5159.0,3063.0,19.0,226.0,151.0
2022-09-01 19:45:00-04:00,5118.0,3341.0,5160.0,3065.0,18.0,226.0,157.0
2022-09-01 19:50:00-04:00,5055.0,3354.0,5157.0,3065.0,18.0,227.0,159.0
2022-09-01 19:55:00-04:00,5049.0,3352.0,5163.0,3064.0,18.0,228.0,166.0
2022-09-01 20:00:00-04:00,4967.0,3374.0,5154.0,3065.0,18.0,231.0,174.0
2022-09-01 20:05:00-04:00,4979.0,3430.0,5040.0,3064.0,18.0,231.0,183.0
2022-09-01 20:10:00-04:00,4984.0,3422.0,5021.0,3065.0,19.0,237.0,191.0
2022-09-01 20:15:00-04:00,4990.0,3392.0,4972.0,3065.0,18.0,234.0,200.0
2022-09-01 20:20:00-04:00,4959.0,3328.0,4955.0,3065.0,18.0,228.0,205.0
2022-09-01 20:25:00-04:00,4945.0,3325.0,4992.0,3065.0,18.0,227.0,206.0
2022-09-01 20:30:00-04:00,4901.0,3307.0,4974.0,3065.0,18.0,227.0,199.0
2022-09-01 20:35:00-04:00,4868.0,3300.0,4967.0,3065.0,18.0,229.0,194.0
2022-09-01 20:40:00-04:00,4829.0,3307.0,4948.0,3064.0,18.0,228.0,194.0
2022-09-01 20:45:00-04:00,4772.0,3311.0,4942.0,3065.0,18.0,227.0,190.0
2022-09-01 20:50:00-04:00,4718.0,3283.0,4937.0,3067.0,18.0,228.0,190.0
2022-09-01 20:55:00-04:00,4655.0,3222.0,4927.0,3067.0,16.0,228.0,189.0
2022-09-01 21:00:00-04:00,4553.0,3192.0,4931.0,3067.0,3.0,229.0,189.0
2022-09-01 21:05:00-04:00,4415.0,3165.0,4910.0,3064.0,2.0,228.0,187.0
2022-09-01 21:10:00-04:00,4343.0,3138.0,4896.0,3064.0,2.0,228.0,186.0
2022-09-01 21:15:00-04:00,4257.0,3148.0,4886.0,3065.0,2.0,230.0,182.0
2022-09-01 21:20:00-04:00,4207.0,3165.0,4869.0,3066.0,2.0,229.0,180.0
2022-09-01 21:25:00-04:00,4160.0,3141.0,4826.0,3067.0,1.0,230.0,181.0
2022-09-01 21:30:00-04:00,4097.0,3141.0,4778.0,3068.0,2.0,228.0,183.0
2022-09-01 21:35:00-04:00,4010.0,3132.0,4770.0,3069.0,2.0,228.0,183.0
2022-09-01 21:40:00-04:00,3924.0,3139.0,4773.0,3067.0,3.0,229.0,182.0
2022-09-01 21:45:00-04:00,3883.0,3143.0,4748.0,3069.0,3.0,229.0,176.0
2022-09-01 21:50:00-04:00,3842.0,3140.0,4743.0,3069.0,2.0,229.0,165.0
2022-09-01 21:55:00-04:00,3805.0,3097.0,4743.0,3065.0,2.0,229.0,154.0
2022-09-01 22:00:00-04:00,3871.0,2990.0,4710.0,3066.0,2.0,229.0,146.0
2022-09-01 22:05:00-04:00,3977.0,2842.0,4706.0,3066.0,2.0,229.0,141.0
2022-09-01 22:10:00-04:00,4004.0,2809.0,4661.0,3065.0,2.0,230.0,141.0
2022-09-01 22:15:00-04:00,3996.0,2825.0,4585.0,3067.0,3.0,229.0,140.0
2022-09-01 22:20:00-04:00,4007.0,2827.0,4545.0,3065.0,3.0,231.0,139.0
2022-09-01 22:25:00-04:00,4010.0,2805.0,4546.0,3067.0,2.0,232.0,139.0
2022-09-01 22:30:00-04:00,3988.0,2743.0,4552.0,3066.0,3.0,230.0,139.0
2022-09-01 22:35:00-04:00,3931.0,2736.0,4558.0,3067.0,3.0,230.0,140.0
2022-09-01 22:40:00-04:00,3839.0,2740.0,4548.0,3067.0,2.0,229.0,135.0
2022-09-01 22:45:00-04:00,3741.0,2736.0,4492.0,3070.0,2.0,230.0,128.0
2022-09-01 22:50:00-04:00,3701.0,2661.0,4450.0,3068.0,2.0,228.0,126.0
2022-09-01 22:55:00-04:00,3722.0,2537.0,4458.0,3067.0,2.0,228.0,126.0
2022-09-01 23:00:00-04:00,3654.0,2381.0,4407.0,3068.0,2.0,224.0,123.0
2022-09-01 23:05:00-04:00,3521.0,2244.0,4282.0,3067.0,2.0,224.0,120.0
2022-09-01 23:10:00-04:00,3393.0,2131.0,4187.0,3067.0,2.0,224.0,120.0
2022-09-01 23:15:00-04:00,3291.0,2098.0,4129.0,3069.0,2.0,226.0,116.0
2022-09-01 23:20:00-04:00,3247.0,2137.0,4111.0,3067.0,2.0,223.0,115.0
2022-09-01 23:25:00-04:00,3160.0,2174.0,4117.0,3067.0,1.0,225.0,116.0
2022-09-01 23:30:00-04:00,3139.0,2152.0,4112.0,3068.0,2.0,224.0,118.0
2022-09-01 23:35:00-04:00,3170.0,2139.0,4113.0,3068.0,1.0,225.0,118.0
2022-09-01 23:40:00-04:00,3170.0,2140.0,4112.0,3067.0,2.0,226.0,112.0
2022-09-01 23:45:00-04:00,3084.0,2139.0,4101.0,3069.0,1.0,225.0,106.0
2022-09-01 23:50:00-04:00,2997.0,2125.0,4069.0,3068.0,2.0,225.0,107.0
2022-09-01 23:55:00-04:00,2977.0,2110.0,4032.0,3068.0,2.0,226.0,110.0
2022-09-02 00:00:00-04:00,3026.0,2112.0,3956.0,3070.0,2.0,224.0,110.0
