Time,Solar,Wind,Geothermal,Biomass,Biogas,Small Hydro,Coal,Nuclear,Natural Gas,Large Hydro,Batteries,Imports,Other
2022-05-01 00:00:00-07:00,29,4634,784,268,204,236,9,2275,7923,1661,-8,4343,0
2022-05-01 00:05:00-07:00,28,4611,784,267,202,233,9,2275,7574,1727,343,4383,0
2022-05-01 00:10:00-07:00,61,4603,785,265,202,226,9,2275,7210,1712,364,4494,0
2022-05-01 00:15:00-07:00,46,4585,785,265,202,226,9,2275,7210,1746,333,4482,0
2022-05-01 00:20:00-07:00,23,4578,785,264,203,227,10,2275,7165,1778,324,4506,0
2022-05-01 00:25:00-07:00,13,4599,785,265,203,227,10,2275,6834,1703,269,4588,0
2022-05-01 00:30:00-07:00,13,4611,786,266,203,227,10,2275,6844,1665,221,4680,0
2022-05-01 00:35:00-07:00,14,4583,786,265,203,227,10,2276,6915,1672,174,4711,0
2022-05-01 00:40:00-07:00,14,4574,785,263,203,227,9,2275,6953,1674,150,4664,0
2022-05-01 00:45:00-07:00,13,4570,786,265,203,227,9,2276,6966,1662,146,4598,0
2022-05-01 00:50:00-07:00,14,4534,786,264,203,227,9,2276,7005,1671,142,4539,0
2022-05-01 00:55:00-07:00,14,4466,786,266,203,226,9,2276,7047,1676,175,4425,0
2022-05-01 01:00:00-07:00,13,4443,786,267,203,225,9,2276,6937,1652,177,4435,0
2022-05-01 01:05:00-07:00,13,4440,786,268,203,225,9,2275,6902,1617,87,4573,0
2022-05-01 01:10:00-07:00,13,4477,787,267,203,228,9,2275,6820,1576,71,4640,0
2022-05-01 01:15:00-07:00,13,4495,787,268,203,229,9,2275,6816,1527,125,4549,0
2022-05-01 01:20:00-07:00,13,4521,787,271,203,230,9,2275,6802,1517,82,4518,0
2022-05-01 01:25:00-07:00,12,4508,787,267,203,230,9,2276,6814,1497,42,4532,0
2022-05-01 01:30:00-07:00,13,4517,786,262,203,230,9,2275,6843,1508,12,4484,0
2022-05-01 01:35:00-07:00,13,4568,787,262,204,230,9,2276,6813,1493,7,4415,0
2022-05-01 01:40:00-07:00,14,4579,787,262,203,229,9,2276,6782,1500,7,4413,0
2022-05-01 01:45:00-07:00,14,4603,787,257,203,229,9,2276,6713,1497,15,4401,0
2022-05-01 01:50:00-07:00,14,4644,787,256,203,230,9,2276,6672,1493,5,4372,0
2022-05-01 01:55:00-07:00,14,4669,788,249,203,231,9,2276,6621,1510,-20,4371,0
2022-05-01 02:00:00-07:00,14,4675,789,243,203,231,9,2277,6625,1537,-31,4377,0
2022-05-01 02:05:00-07:00,13,4722,789,243,203,231,9,2276,6603,1492,-43,4379,0
2022-05-01 02:10:00-07:00,13,4687,790,244,203,229,9,2275,6599,1486,-13,4403,0
2022-05-01 02:15:00-07:00,13,4620,790,243,203,229,9,2275,6566,1534,8,4383,0
2022-05-01 02:20:00-07:00,13,4536,790,244,203,229,9,2276,6483,1518,63,4440,0
2022-05-01 02:25:00-07:00,12,4479,789,244,203,230,9,2275,6393,1533,50,4520,0
2022-05-01 02:30:00-07:00,11,4479,790,242,203,230,9,2276,6344,1541,17,4543,0
2022-05-01 02:35:00-07:00,12,4465,789,242,203,230,9,2276,6343,1506,-11,4556,0
2022-05-01 02:40:00-07:00,12,4486,789,243,203,228,9,2275,6368,1516,-20,4532,0
2022-05-01 02:45:00-07:00,12,4465,789,244,203,227,9,2275,6298,1488,-16,4599,0
2022-05-01 02:50:00-07:00,12,4434,788,243,203,227,9,2274,6229,1533,1,4647,0
2022-05-01 02:55:00-07:00,12,4408,789,244,203,227,9,2274,6141,1577,-7,4684,0
2022-05-01 03:00:00-07:00,12,4377,789,244,203,228,9,2275,5956,1635,13,4773,0
2022-05-01 03:05:00-07:00,12,4342,789,243,203,228,9,2274,5811,1640,67,4857,0
2022-05-01 03:10:00-07:00,12,4327,790,240,203,229,9,2275,5731,1639,69,4910,0
2022-05-01 03:15:00-07:00,12,4318,789,236,204,230,9,2275,5685,1624,55,4945,0
2022-05-01 03:20:00-07:00,12,4328,790,232,204,230,9,2275,5629,1589,30,5076,0
2022-05-01 03:25:00-07:00,12,4287,790,232,204,230,9,2275,5667,1600,20,5037,0
2022-05-01 03:30:00-07:00,12,4246,789,232,204,229,9,2275,5677,1594,51,5009,0
2022-05-01 03:35:00-07:00,12,4196,790,235,204,228,9,2275,5679,1598,37,5037,0
2022-05-01 03:40:00-07:00,12,4192,788,240,204,229,9,2275,5712,1590,25,4999,0
2022-05-01 03:45:00-07:00,12,4200,789,240,204,228,9,2275,5732,1578,43,4929,0
2022-05-01 03:50:00-07:00,12,4183,789,241,204,228,9,2275,5718,1585,29,4904,0
2022-05-01 03:55:00-07:00,12,4150,789,241,204,228,9,2274,5725,1581,28,4921,0
2022-05-01 04:00:00-07:00,13,4108,789,242,204,229,9,2275,5742,1605,31,4921,0
2022-05-01 04:05:00-07:00,12,4070,789,243,204,230,9,2275,5756,1631,68,4890,0
2022-05-01 04:10:00-07:00,12,3986,788,242,204,231,9,2274,5772,1689,110,4876,0
2022-05-01 04:15:00-07:00,12,3936,789,244,204,231,9,2275,5779,1702,140,4843,0
2022-05-01 04:20:00-07:00,12,3900,787,243,203,231,9,2274,5794,1716,145,4821,0
2022-05-01 04:25:00-07:00,12,3862,788,242,204,231,9,2274,5773,1717,145,4830,0
2022-05-01 04:30:00-07:00,12,3838,788,243,203,231,9,2276,5771,1705,127,4899,0
2022-05-01 04:35:00-07:00,12,3844,787,244,204,231,9,2275,5802,1699,66,4934,0
2022-05-01 04:40:00-07:00,12,3867,787,245,204,232,10,2275,5806,1694,12,4979,0
2022-05-01 04:45:00-07:00,12,3904,787,245,204,233,10,2276,5801,1672,4,4973,0
2022-05-01 04:50:00-07:00,12,3936,787,243,204,232,9,2276,5801,1651,-5,4968,0
2022-05-01 04:55:00-07:00,12,3929,787,243,204,233,9,2276,5838,1684,5,4927,0
2022-05-01 05:00:00-07:00,12,3929,786,243,204,233,10,2276,5844,1719,49,4837,0
2022-05-01 05:05:00-07:00,12,3851,786,243,204,238,10,2276,5866,1777,189,4717,0
2022-05-01 05:10:00-07:00,11,3804,786,244,203,238,10,2276,5780,1829,254,4661,0
2022-05-01 05:15:00-07:00,11,3791,786,244,204,239,10,2277,5784,1802,270,4631,0
2022-05-01 05:20:00-07:00,12,3761,786,241,204,238,10,2276,5780,1790,303,4663,0
2022-05-01 05:25:00-07:00,11,3759,787,241,203,238,10,2276,5788,1807,291,4677,0
2022-05-01 05:30:00-07:00,12,3735,786,241,204,238,10,2276,5778,1824,276,4715,0
2022-05-01 05:35:00-07:00,11,3719,787,244,204,238,10,2276,5820,1860,282,4705,0
2022-05-01 05:40:00-07:00,11,3704,788,246,203,238,10,2278,5802,1852,261,4737,0
2022-05-01 05:45:00-07:00,12,3673,787,245,204,238,10,2277,5847,1861,230,4792,0
2022-05-01 05:50:00-07:00,13,3637,788,245,203,237,10,2276,5855,1885,201,4833,0
2022-05-01 05:55:00-07:00,20,3632,787,246,203,238,10,2277,5816,1851,164,4846,0
2022-05-01 06:00:00-07:00,36,3616,787,245,203,238,10,2276,5896,1858,110,4865,0
2022-05-01 06:05:00-07:00,70,3608,788,247,203,238,10,2275,5808,1940,102,4786,0
2022-05-01 06:10:00-07:00,145,3616,789,247,203,231,11,2275,5639,1981,81,4812,0
2022-05-01 06:15:00-07:00,247,3630,789,246,202,226,10,2276,5634,1983,135,4667,0
2022-05-01 06:20:00-07:00,383,3616,789,246,202,227,9,2277,5540,1997,120,4559,0
2022-05-01 06:25:00-07:00,614,3611,789,244,202,226,9,2276,5350,1969,96,4517,0
2022-05-01 06:30:00-07:00,884,3591,789,245,203,226,9,2278,5285,1973,68,4363,0
2022-05-01 06:35:00-07:00,1236,3587,789,245,202,226,10,2277,5194,1965,70,4097,0
2022-05-01 06:40:00-07:00,1627,3585,789,245,202,226,9,2276,5046,1954,52,3806,0
2022-05-01 06:45:00-07:00,2087,3566,789,245,201,226,9,2277,4771,1949,45,3616,0
2022-05-01 06:50:00-07:00,2592,3565,790,245,201,227,9,2278,4557,1944,-43,3462,0
2022-05-01 06:55:00-07:00,3103,3527,789,246,201,226,8,2278,4299,1920,-92,3320,0
2022-05-01 07:00:00-07:00,3635,3511,789,244,202,227,8,2278,4097,1832,-134,3115,0
2022-05-01 07:05:00-07:00,4181,3480,789,244,201,226,8,2277,3855,1600,13,2888,0
2022-05-01 07:10:00-07:00,4778,3467,789,245,201,224,8,2278,3488,1336,81,2692,0
2022-05-01 07:15:00-07:00,5410,3483,789,245,202,223,8,2278,3304,1316,-21,2491,0
2022-05-01 07:20:00-07:00,6010,3469,790,244,202,224,9,2278,3003,1339,-105,2276,0
2022-05-01 07:25:00-07:00,6597,3459,789,245,202,224,9,2279,2728,1316,-239,2117,0
2022-05-01 07:30:00-07:00,7076,3475,789,246,202,224,9,2279,2865,1287,-520,1905,0
2022-05-01 07:35:00-07:00,7085,3519,789,246,202,225,9,2278,2838,1332,-402,1888,0
2022-05-01 07:40:00-07:00,7027,3499,788,246,202,225,9,2278,2636,1374,-350,1911,0
2022-05-01 07:45:00-07:00,7135,3511,788,246,202,225,8,2277,2534,1340,-350,1803,0
2022-05-01 07:50:00-07:00,7236,3501,788,247,202,224,8,2277,2540,1278,-346,1691,0
2022-05-01 07:55:00-07:00,7201,3512,788,246,202,209,8,2277,2666,1316,-350,1605,0
2022-05-01 08:00:00-07:00,7382,3471,788,247,202,183,7,2276,2667,1315,-308,1466,0
2022-05-01 08:05:00-07:00,8080,3471,788,248,203,179,9,2276,2521,1203,-222,984,0
2022-05-01 08:10:00-07:00,8773,3454,787,248,203,176,8,2275,2130,1121,-133,583,0
2022-05-01 08:15:00-07:00,9244,3478,787,242,203,176,8,2276,2110,1038,-154,39,0
2022-05-01 08:20:00-07:00,9483,3460,787,232,202,177,8,2275,2166,907,-249,-95,0
2022-05-01 08:25:00-07:00,9572,3457,787,230,203,177,8,2275,2354,888,-423,-101,0
2022-05-01 08:30:00-07:00,9593,3461,787,231,203,176,7,2277,2562,885,-460,-231,0
2022-05-01 08:35:00-07:00,9380,3461,787,230,203,175,8,2276,2531,909,-372,-84,0
2022-05-01 08:40:00-07:00,9412,3530,786,229,203,175,8,2277,2400,898,-351,-283,0
2022-05-01 08:45:00-07:00,9235,3592,786,226,203,175,8,2276,2532,927,-447,-317,0
2022-05-01 08:50:00-07:00,9300,3624,786,226,203,175,8,2276,2580,933,-584,-426,0
2022-05-01 08:55:00-07:00,9537,3738,786,225,204,175,8,2277,2871,917,-920,-466,0
2022-05-01 09:00:00-07:00,9497,3856,786,222,203,174,6,2278,2861,867,-791,-631,0
2022-05-01 09:05:00-07:00,9611,4011,785,222,203,174,5,2278,2825,799,-883,-758,0
2022-05-01 09:10:00-07:00,9514,4058,786,222,202,173,6,2279,2908,768,-764,-807,0
2022-05-01 09:15:00-07:00,9373,4067,786,222,202,174,4,2278,2667,759,-600,-971,0
2022-05-01 09:20:00-07:00,9401,4058,786,223,202,173,4,2278,2583,723,-567,-1206,0
2022-05-01 09:25:00-07:00,9476,4099,786,222,203,173,6,2278,2538,700,-555,-1349,0
2022-05-01 09:30:00-07:00,9271,4177,786,222,202,173,6,2278,2529,704,-556,-1343,0
2022-05-01 09:35:00-07:00,8901,4222,786,223,202,173,8,2277,2544,724,-540,-1147,0
2022-05-01 09:40:00-07:00,8731,4247,785,224,202,174,7,2276,2454,727,-502,-1169,0
2022-05-01 09:45:00-07:00,8644,4278,786,223,202,174,7,2277,2440,713,-500,-1204,0
2022-05-01 09:50:00-07:00,8537,4209,787,222,203,173,7,2278,2448,705,-502,-1107,0
2022-05-01 09:55:00-07:00,8617,4186,786,222,203,173,7,2278,2485,695,-620,-1110,0
2022-05-01 10:00:00-07:00,8535,4135,787,223,202,173,8,2278,2610,662,-644,-1052,0
2022-05-01 10:05:00-07:00,8517,4121,788,224,202,174,8,2278,2620,681,-672,-1026,0
2022-05-01 10:10:00-07:00,8508,4052,787,224,202,175,8,2278,2633,788,-637,-1068,0
2022-05-01 10:15:00-07:00,8516,4144,787,225,202,175,8,2277,2537,750,-650,-1167,0
2022-05-01 10:20:00-07:00,8340,4132,787,224,202,175,8,2277,2524,724,-577,-1115,0
2022-05-01 10:25:00-07:00,8572,4153,786,221,202,175,8,2277,2561,686,-730,-1239,0
2022-05-01 10:30:00-07:00,8688,4157,785,222,202,175,7,2278,2637,679,-671,-1511,0
2022-05-01 10:35:00-07:00,8581,4163,785,221,202,174,7,2278,2565,694,-662,-1480,0
2022-05-01 10:40:00-07:00,8671,4171,784,222,202,173,7,2276,2578,708,-680,-1625,0
2022-05-01 10:45:00-07:00,8579,4191,784,222,202,173,7,2277,2644,708,-742,-1556,0
2022-05-01 10:50:00-07:00,8484,4207,783,222,202,174,7,2277,2677,718,-689,-1565,0
2022-05-01 10:55:00-07:00,8487,4137,784,223,202,173,7,2277,2632,713,-665,-1585,0
2022-05-01 11:00:00-07:00,8490,4080,784,221,201,172,7,2277,2625,711,-625,-1602,0
2022-05-01 11:05:00-07:00,8384,4073,784,222,201,172,7,2277,2595,691,-468,-1670,0
2022-05-01 11:10:00-07:00,8390,4066,783,222,201,172,7,2277,2355,687,-279,-1796,0
2022-05-01 11:15:00-07:00,8433,4036,782,221,203,172,8,2277,2382,707,-339,-1818,0
2022-05-01 11:20:00-07:00,8468,4045,783,221,202,172,8,2278,2379,743,-395,-1843,0
2022-05-01 11:25:00-07:00,8716,4089,783,219,202,173,7,2277,2368,687,-408,-2050,0
2022-05-01 11:30:00-07:00,8726,4075,783,218,202,173,6,2277,2356,649,-332,-2138,0
2022-05-01 11:35:00-07:00,8654,4166,782,219,201,174,7,2278,2348,655,-362,-2204,0
2022-05-01 11:40:00-07:00,8820,4202,782,216,202,174,6,2278,2348,642,-409,-2417,0
2022-05-01 11:45:00-07:00,8901,4188,782,218,202,173,7,2278,2413,632,-409,-2439,0
2022-05-01 11:50:00-07:00,8927,4148,781,219,202,174,7,2278,2379,635,-389,-2506,0
2022-05-01 11:55:00-07:00,8899,4144,783,217,202,174,7,2279,2354,635,-351,-2486,0
2022-05-01 12:00:00-07:00,8918,4166,782,217,202,174,7,2279,2317,637,-312,-2597,0
2022-05-01 12:05:00-07:00,9047,4093,782,218,200,174,7,2278,2329,627,-376,-2563,0
2022-05-01 12:10:00-07:00,9098,4013,782,219,200,173,7,2279,2354,624,-335,-2587,0
2022-05-01 12:15:00-07:00,9108,4004,782,218,199,173,6,2278,2311,636,-300,-2637,0
2022-05-01 12:20:00-07:00,9144,4002,782,219,200,172,6,2279,2298,637,-268,-2676,0
2022-05-01 12:25:00-07:00,9224,4032,781,218,201,173,7,2278,2241,636,-323,-2743,0
2022-05-01 12:30:00-07:00,9101,4086,781,217,200,173,6,2277,2274,626,-288,-2672,0
2022-05-01 12:35:00-07:00,8986,4123,781,217,200,173,6,2278,2248,605,-137,-2790,0
2022-05-01 12:40:00-07:00,9083,4107,782,216,200,173,6,2276,2215,603,-127,-2823,0
2022-05-01 12:45:00-07:00,9204,4104,781,217,200,173,6,2278,2362,607,-284,-2792,0
2022-05-01 12:50:00-07:00,9287,4091,781,217,200,173,6,2279,2411,611,-291,-2847,0
2022-05-01 12:55:00-07:00,9168,4087,781,218,201,173,6,2276,2383,637,-217,-2837,0
2022-05-01 13:00:00-07:00,8944,4107,780,218,200,173,7,2277,2263,652,-121,-2769,0
2022-05-01 13:05:00-07:00,8840,4121,779,218,200,173,6,2277,2216,659,-27,-2706,0
2022-05-01 13:10:00-07:00,8816,4185,779,218,199,173,6,2277,2122,656,-70,-2653,0
2022-05-01 13:15:00-07:00,8930,4174,779,218,199,173,6,2278,2155,649,-92,-2659,0
2022-05-01 13:20:00-07:00,8723,4159,778,220,200,173,6,2279,2137,679,47,-2547,0
2022-05-01 13:25:00-07:00,8596,4083,778,217,199,172,7,2279,2036,770,130,-2539,0
2022-05-01 13:30:00-07:00,8707,4109,778,217,199,172,6,2279,1892,742,260,-2680,0
2022-05-01 13:35:00-07:00,8967,4161,778,215,199,172,6,2279,1939,663,174,-2705,0
2022-05-01 13:40:00-07:00,8927,4252,778,217,199,172,6,2279,1943,723,210,-2685,0
2022-05-01 13:45:00-07:00,8922,4271,778,218,199,172,7,2279,1844,739,205,-2641,0
2022-05-01 13:50:00-07:00,9121,4304,778,218,199,172,6,2279,1839,785,97,-2695,0
2022-05-01 13:55:00-07:00,9125,4336,778,219,199,172,6,2279,2082,758,-123,-2816,0
2022-05-01 14:00:00-07:00,9121,4292,778,220,199,172,7,2278,2126,766,-14,-2824,0
2022-05-01 14:05:00-07:00,9081,4260,778,218,198,172,6,2278,2144,793,25,-2830,0
2022-05-01 14:10:00-07:00,9352,4360,778,217,199,172,7,2278,2009,799,50,-3123,0
2022-05-01 14:15:00-07:00,9375,4434,777,218,199,171,7,2277,1975,797,136,-3109,0
2022-05-01 14:20:00-07:00,9344,4509,777,219,199,171,7,2279,1865,814,232,-3187,0
2022-05-01 14:25:00-07:00,9138,4494,778,219,199,171,9,2278,1821,874,490,-3178,0
2022-05-01 14:30:00-07:00,9058,4445,778,220,199,171,10,2278,1671,948,567,-3221,0
2022-05-01 14:35:00-07:00,9247,4396,778,221,199,172,10,2278,1660,950,590,-3301,0
2022-05-01 14:40:00-07:00,9590,4496,778,220,199,172,10,2278,1605,911,435,-3522,0
2022-05-01 14:45:00-07:00,9829,4583,778,220,199,172,10,2278,1658,837,339,-3587,0
2022-05-01 14:50:00-07:00,9931,4554,778,219,200,172,10,2279,1792,815,354,-3557,0
2022-05-01 14:55:00-07:00,9826,4514,777,219,199,172,10,2279,1835,857,416,-3480,0
2022-05-01 15:00:00-07:00,9796,4508,778,219,199,172,10,2280,1804,867,374,-3382,0
2022-05-01 15:05:00-07:00,9784,4572,777,219,199,181,10,2280,1848,837,324,-3341,0
2022-05-01 15:10:00-07:00,9755,4613,777,219,200,217,9,2280,1920,877,348,-3285,0
2022-05-01 15:15:00-07:00,9768,4595,777,218,200,216,9,2280,1833,857,402,-3212,0
2022-05-01 15:20:00-07:00,9778,4523,778,220,200,217,9,2279,1831,940,486,-3291,0
2022-05-01 15:25:00-07:00,9953,4586,778,219,200,217,9,2280,1874,893,436,-3437,0
2022-05-01 15:30:00-07:00,10132,4592,778,221,200,217,10,2280,1963,889,440,-3573,0
2022-05-01 15:35:00-07:00,10067,4539,777,223,200,218,10,2280,2098,990,556,-3540,0
2022-05-01 15:40:00-07:00,10171,4511,777,221,199,218,10,2280,2057,1070,589,-3642,0
2022-05-01 15:45:00-07:00,10513,4566,777,221,200,217,10,2280,2093,999,541,-3744,0
2022-05-01 15:50:00-07:00,10717,4595,777,225,200,217,10,2279,2339,981,485,-3859,0
2022-05-01 15:55:00-07:00,10671,4660,779,224,200,217,10,2280,2387,1004,530,-3830,0
2022-05-01 16:00:00-07:00,10807,4671,779,223,200,218,10,2280,2437,960,449,-3783,0
2022-05-01 16:05:00-07:00,10676,4670,779,223,200,218,10,2279,2836,974,102,-3387,0
2022-05-01 16:10:00-07:00,10615,4646,778,225,200,218,10,2280,3269,924,33,-3176,0
2022-05-01 16:15:00-07:00,10133,4688,778,226,200,218,11,2279,3261,972,344,-3023,0
2022-05-01 16:20:00-07:00,9928,4729,778,224,200,219,10,2279,3131,963,429,-2886,0
2022-05-01 16:25:00-07:00,10006,4728,777,226,199,217,10,2279,3190,956,419,-2843,0
2022-05-01 16:30:00-07:00,10166,4716,777,227,200,218,10,2280,3158,939,386,-2938,0
2022-05-01 16:35:00-07:00,10330,4743,777,227,200,219,11,2279,3212,929,369,-3008,0
2022-05-01 16:40:00-07:00,10452,4774,777,226,201,219,11,2279,3256,873,366,-3042,0
2022-05-01 16:45:00-07:00,10430,4846,777,226,200,219,10,2280,3595,880,111,-2827,0
2022-05-01 16:50:00-07:00,10621,4874,778,228,199,218,11,2280,3662,912,149,-2911,0
2022-05-01 16:55:00-07:00,10452,4862,778,224,200,218,11,2281,3594,996,373,-2798,0
2022-05-01 17:00:00-07:00,10280,4910,778,220,200,219,11,2281,3633,1009,313,-2672,0
2022-05-01 17:05:00-07:00,10109,5017,777,214,200,223,11,2280,4032,1068,17,-2198,0
2022-05-01 17:10:00-07:00,9706,5127,777,213,200,226,11,2280,4338,1139,55,-1851,0
2022-05-01 17:15:00-07:00,9260,5247,777,215,200,235,11,2280,4410,1222,32,-1767,0
2022-05-01 17:20:00-07:00,9281,5328,776,214,199,238,11,2280,4681,1236,62,-1857,0
2022-05-01 17:25:00-07:00,9410,5398,777,213,200,238,11,2281,4746,1209,-16,-1896,0
2022-05-01 17:30:00-07:00,9307,5452,777,213,200,238,11,2280,4896,1230,100,-2029,0
2022-05-01 17:35:00-07:00,9217,5503,777,212,200,239,10,2280,4986,1249,201,-2152,0
2022-05-01 17:40:00-07:00,9456,5541,777,211,200,239,10,2280,4930,1231,174,-2281,0
2022-05-01 17:45:00-07:00,9579,5531,776,212,200,240,10,2281,5063,1198,234,-2278,0
2022-05-01 17:50:00-07:00,9236,5542,774,213,200,240,10,2280,5165,1270,311,-2073,0
2022-05-01 17:55:00-07:00,8812,5560,777,212,201,241,11,2282,5324,1389,309,-1827,0
2022-05-01 18:00:00-07:00,8304,5564,777,211,200,240,10,2281,5475,1496,235,-1482,0
2022-05-01 18:05:00-07:00,7743,5574,777,212,201,240,10,2282,5596,1590,60,-653,0
2022-05-01 18:10:00-07:00,7225,5603,777,215,201,240,11,2281,5652,1679,45,-82,0
2022-05-01 18:15:00-07:00,6758,5650,777,215,201,239,10,2281,5563,1800,169,415,0
2022-05-01 18:20:00-07:00,6166,5635,776,215,201,240,11,2281,5564,1943,339,796,0
2022-05-01 18:25:00-07:00,5584,5640,776,215,201,240,11,2282,5527,2055,390,1363,0
2022-05-01 18:30:00-07:00,4938,5636,776,214,201,241,10,2282,5780,2089,539,1767,0
2022-05-01 18:35:00-07:00,4308,5636,776,214,200,241,11,2282,6019,2101,651,2017,0
2022-05-01 18:40:00-07:00,3818,5633,775,216,201,241,11,2282,6495,2105,665,2224,0
2022-05-01 18:45:00-07:00,3334,5650,772,214,201,241,10,2281,6797,2098,757,2453,0
2022-05-01 18:50:00-07:00,2873,5636,775,215,200,241,10,2282,6966,2068,735,2833,0
2022-05-01 18:55:00-07:00,2444,5657,776,214,201,255,12,2282,7323,2137,662,3159,0
2022-05-01 19:00:00-07:00,2049,5648,776,212,201,281,12,2282,7443,2239,670,3439,0
2022-05-01 19:05:00-07:00,1672,5637,776,212,201,283,13,2282,7776,2405,803,3392,0
2022-05-01 19:10:00-07:00,1309,5640,775,212,201,282,13,2281,7844,2522,817,3557,0
2022-05-01 19:15:00-07:00,840,5643,775,212,201,282,13,2282,7858,2536,836,3757,0
2022-05-01 19:20:00-07:00,642,5645,776,213,201,282,13,2281,8029,2584,853,3846,0
2022-05-01 19:25:00-07:00,462,5615,777,213,201,284,13,2281,8159,2614,876,3970,0
2022-05-01 19:30:00-07:00,341,5613,777,212,200,284,13,2281,8250,2617,912,4106,0
2022-05-01 19:35:00-07:00,273,5609,777,213,201,284,13,2281,8331,2640,893,4188,0
2022-05-01 19:40:00-07:00,217,5597,778,214,201,285,14,2281,8334,2639,914,4327,0
2022-05-01 19:45:00-07:00,174,5585,778,214,201,283,14,2281,8413,2651,920,4415,0
2022-05-01 19:50:00-07:00,149,5570,778,201,201,283,14,2281,8437,2649,919,4527,0
2022-05-01 19:55:00-07:00,128,5567,779,214,201,283,13,2280,8491,2633,964,4614,0
2022-05-01 20:00:00-07:00,126,5555,779,212,200,282,13,2280,8535,2622,991,4659,0
2022-05-01 20:05:00-07:00,140,5550,777,213,200,282,12,2281,8559,2599,967,4634,0
2022-05-01 20:10:00-07:00,170,5614,780,213,200,280,12,2281,8629,2621,871,4619,0
2022-05-01 20:15:00-07:00,168,5653,780,212,200,280,13,2281,8624,2658,833,4661,0
2022-05-01 20:20:00-07:00,168,5667,780,213,200,280,13,2281,8541,2685,831,4698,0
2022-05-01 20:25:00-07:00,168,5673,780,213,200,281,13,2281,8500,2683,822,4728,0
2022-05-01 20:30:00-07:00,168,5689,781,213,200,281,13,2281,8477,2674,820,4697,0
2022-05-01 20:35:00-07:00,169,5679,781,213,199,282,13,2281,8398,2681,824,4759,0
2022-05-01 20:40:00-07:00,169,5634,780,214,199,283,13,2281,8328,2698,774,4814,0
2022-05-01 20:45:00-07:00,169,5611,781,215,199,284,13,2282,8364,2697,798,4715,0
2022-05-01 20:50:00-07:00,169,5601,780,214,199,284,12,2282,8188,2709,893,4728,0
2022-05-01 20:55:00-07:00,169,5594,781,214,199,282,13,2282,8064,2699,983,4647,0
2022-05-01 21:00:00-07:00,168,5571,780,215,198,282,13,2281,8070,2669,992,4562,0
2022-05-01 21:05:00-07:00,167,5543,782,215,199,280,12,2281,8187,2594,974,4575,0
2022-05-01 21:10:00-07:00,166,5524,781,215,198,270,13,2281,8260,2579,935,4590,0
2022-05-01 21:15:00-07:00,166,5506,781,214,198,239,12,2281,8273,2571,939,4574,0
2022-05-01 21:20:00-07:00,165,5503,782,214,197,239,12,2281,8265,2574,888,4588,0
2022-05-01 21:25:00-07:00,165,5435,781,212,198,239,11,2280,8254,2562,863,4593,0
2022-05-01 21:30:00-07:00,166,5375,782,214,198,240,12,2282,8251,2560,830,4572,0
2022-05-01 21:35:00-07:00,165,5376,782,212,198,241,11,2281,8151,2565,831,4572,0
2022-05-01 21:40:00-07:00,166,5407,782,211,198,241,10,2281,8085,2551,776,4563,0
2022-05-01 21:45:00-07:00,167,5391,781,212,198,241,10,2280,8054,2537,708,4569,0
2022-05-01 21:50:00-07:00,167,5383,781,214,199,240,11,2281,8056,2530,592,4568,0
2022-05-01 21:55:00-07:00,167,5372,782,212,199,240,11,2280,8003,2466,549,4571,0
2022-05-01 22:00:00-07:00,167,5330,781,211,198,239,12,2281,8066,2410,468,4553,0
2022-05-01 22:05:00-07:00,115,5070,782,213,198,237,12,2280,8025,2377,644,4467,0
2022-05-01 22:10:00-07:00,97,4973,782,213,198,236,12,2280,8010,2340,609,4383,0
2022-05-01 22:15:00-07:00,97,4963,783,213,198,235,11,2280,7997,2298,595,4320,0
2022-05-01 22:20:00-07:00,97,4893,783,211,198,234,11,2279,8011,2279,597,4292,0
2022-05-01 22:25:00-07:00,97,4820,783,212,198,234,11,2280,8007,2291,553,4225,0
2022-05-01 22:30:00-07:00,97,4769,783,211,198,235,11,2280,7963,2275,502,4191,0
2022-05-01 22:35:00-07:00,97,4670,784,211,198,234,11,2280,7982,2269,397,4222,0
2022-05-01 22:40:00-07:00,97,4640,784,210,197,233,11,2279,7959,2272,386,4184,0
2022-05-01 22:45:00-07:00,97,4627,784,210,198,234,11,2280,7874,2261,340,4195,0
2022-05-01 22:50:00-07:00,97,4590,784,207,199,234,11,2280,7852,2266,340,4148,0
2022-05-01 22:55:00-07:00,97,4543,785,209,198,235,11,2281,7786,2240,380,4100,0
2022-05-01 23:00:00-07:00,97,4484,784,210,197,236,11,2280,7721,2184,433,4086,0
2022-05-01 23:05:00-07:00,97,4461,785,211,197,234,12,2281,7800,1991,298,3855,0
2022-05-01 23:10:00-07:00,97,4471,785,211,197,234,12,2280,7863,1883,212,3805,0
2022-05-01 23:15:00-07:00,97,4473,785,211,198,233,12,2281,8242,1856,249,3658,0
2022-05-01 23:20:00-07:00,97,4407,785,212,198,232,12,2281,8236,1879,295,3558,0
2022-05-01 23:25:00-07:00,97,4368,785,211,198,232,13,2281,8200,1851,205,3583,0
2022-05-01 23:30:00-07:00,97,4358,786,210,198,232,13,2282,8160,1835,190,3560,0
2022-05-01 23:35:00-07:00,97,4352,786,211,198,232,13,2281,8202,1833,141,3584,0
2022-05-01 23:40:00-07:00,97,4369,786,211,198,232,12,2281,8125,1816,108,3541,0
2022-05-01 23:45:00-07:00,85,4326,785,213,198,232,12,2281,8048,1826,115,3587,0
2022-05-01 23:50:00-07:00,61,4275,786,214,198,232,12,2281,7940,1847,159,3582,0
2022-05-01 23:55:00-07:00,51,4200,786,213,197,233,12,2281,7887,1845,223,3532,0
