Time,Hydro,Landfill Gas,Natural Gas,Nuclear,Other,Refuse,Solar,Wind,Wood
2022-01-01 00:01:02-05:00,546.0,39.0,4053.0,3352.0,0.0,376.0,3.0,78.0,242.0
2022-01-01 00:23:37-05:00,554.0,39.0,3625.0,3353.0,0.0,369.0,3.0,93.0,244.0
2022-01-01 00:47:42-05:00,554.0,39.0,3377.0,3351.0,0.0,380.0,3.0,85.0,243.0
2022-01-01 01:02:14-05:00,546.0,39.0,3162.0,3352.0,13.0,380.0,3.0,93.0,244.0
2022-01-01 01:23:20-05:00,537.0,39.0,3078.0,3350.0,35.0,378.0,3.0,100.0,242.0
2022-01-01 01:48:09-05:00,529.0,39.0,3066.0,3350.0,0.0,380.0,3.0,113.0,242.0
2022-01-01 01:55:30-05:00,522.0,39.0,2988.0,3352.0,16.0,377.0,3.0,116.0,245.0
2022-01-01 02:21:30-05:00,523.0,39.0,3232.0,3348.0,0.0,378.0,3.0,130.0,241.0
2022-01-01 02:24:44-05:00,522.0,39.0,3281.0,3349.0,0.0,378.0,3.0,129.0,242.0
2022-01-01 02:41:41-05:00,512.0,39.0,3080.0,3350.0,0.0,369.0,3.0,130.0,241.0
2022-01-01 02:57:50-05:00,508.0,39.0,3041.0,3350.0,0.0,360.0,3.0,136.0,244.0
2022-01-01 03:19:51-05:00,509.0,39.0,2963.0,3349.0,0.0,351.0,3.0,155.0,242.0
2022-01-01 03:23:15-05:00,511.0,39.0,2929.0,3350.0,0.0,357.0,3.0,168.0,244.0
2022-01-01 03:37:14-05:00,498.0,39.0,2876.0,3348.0,0.0,355.0,3.0,161.0,244.0
2022-01-01 03:49:54-05:00,498.0,39.0,2836.0,3349.0,0.0,375.0,3.0,160.0,243.0
2022-01-01 03:55:05-05:00,498.0,39.0,2836.0,3349.0,0.0,375.0,3.0,160.0,243.0
2022-01-01 04:06:07-05:00,505.0,39.0,2846.0,3350.0,0.0,383.0,3.0,152.0,243.0
2022-01-01 04:09:31-05:00,505.0,39.0,2846.0,3350.0,0.0,383.0,3.0,152.0,243.0
2022-01-01 04:18:33-05:00,497.0,39.0,3043.0,3351.0,8.0,373.0,3.0,147.0,244.0
2022-01-01 04:30:41-05:00,508.0,39.0,3135.0,3350.0,1.0,374.0,3.0,157.0,242.0
2022-01-01 04:39:54-05:00,508.0,39.0,3186.0,3353.0,0.0,365.0,3.0,160.0,241.0
2022-01-01 04:52:26-05:00,527.0,39.0,3167.0,3353.0,0.0,370.0,3.0,159.0,242.0
2022-01-01 04:58:39-05:00,527.0,39.0,3167.0,3353.0,0.0,370.0,3.0,159.0,242.0
2022-01-01 05:11:21-05:00,529.0,39.0,3274.0,3353.0,0.0,372.0,3.0,161.0,240.0
2022-01-01 05:25:40-05:00,529.0,39.0,3344.0,3352.0,0.0,374.0,3.0,165.0,245.0
2022-01-01 05:39:51-05:00,557.0,39.0,3431.0,3350.0,0.0,374.0,3.0,167.0,242.0
2022-01-01 05:59:17-05:00,564.0,39.0,3434.0,3348.0,6.0,381.0,3.0,154.0,241.0
2022-01-01 06:03:26-05:00,564.0,39.0,3434.0,3348.0,6.0,381.0,3.0,154.0,241.0
2022-01-01 06:07:02-05:00,567.0,39.0,3409.0,3352.0,0.0,382.0,3.0,153.0,242.0
2022-01-01 06:17:38-05:00,571.0,39.0,3447.0,3352.0,2.0,378.0,3.0,162.0,240.0
2022-01-01 06:24:03-05:00,569.0,39.0,3464.0,3353.0,0.0,372.0,3.0,168.0,240.0
2022-01-01 06:30:52-05:00,570.0,39.0,3505.0,3350.0,0.0,380.0,3.0,167.0,243.0
2022-01-01 06:37:25-05:00,571.0,39.0,3466.0,3350.0,8.0,371.0,3.0,167.0,242.0
2022-01-01 06:44:42-05:00,572.0,39.0,3513.0,3350.0,0.0,379.0,3.0,171.0,242.0
2022-01-01 06:53:49-05:00,574.0,39.0,3532.0,3350.0,1.0,376.0,3.0,165.0,241.0
2022-01-01 06:58:38-05:00,575.0,38.0,3528.0,3348.0,0.0,379.0,3.0,165.0,243.0
2022-01-01 07:08:11-05:00,575.0,39.0,3348.0,3353.0,0.0,374.0,3.0,194.0,243.0
2022-01-01 07:16:21-05:00,570.0,39.0,3296.0,3350.0,0.0,378.0,3.0,198.0,241.0
2022-01-01 07:21:16-05:00,574.0,39.0,3331.0,3353.0,0.0,380.0,3.0,197.0,243.0
2022-01-01 07:29:54-05:00,578.0,39.0,3344.0,3352.0,6.0,374.0,3.0,186.0,243.0
2022-01-01 07:37:59-05:00,574.0,39.0,3364.0,3353.0,4.0,373.0,3.0,182.0,240.0
2022-01-01 07:53:10-05:00,569.0,38.0,3396.0,3350.0,0.0,377.0,4.0,180.0,241.0
2022-01-01 08:06:27-05:00,582.0,39.0,3521.0,3350.0,0.0,382.0,5.0,184.0,240.0
2022-01-01 08:21:21-05:00,582.0,39.0,3643.0,3350.0,0.0,376.0,7.0,192.0,240.0
2022-01-01 08:23:39-05:00,582.0,39.0,3655.0,3352.0,0.0,377.0,8.0,208.0,241.0
2022-01-01 08:30:18-05:00,582.0,39.0,3649.0,3350.0,1.0,376.0,9.0,200.0,240.0
2022-01-01 08:34:33-05:00,584.0,38.0,3707.0,3353.0,0.0,373.0,11.0,204.0,240.0
2022-01-01 08:36:16-05:00,582.0,39.0,3732.0,3352.0,0.0,376.0,11.0,204.0,242.0
2022-01-01 08:37:37-05:00,581.0,39.0,3701.0,3352.0,0.0,376.0,11.0,206.0,241.0
2022-01-01 08:39:20-05:00,581.0,39.0,3687.0,3352.0,0.0,379.0,12.0,210.0,240.0
2022-01-01 08:45:48-05:00,592.0,38.0,3605.0,3350.0,13.0,376.0,12.0,206.0,239.0
2022-01-01 08:54:43-05:00,593.0,39.0,3788.0,3353.0,0.0,378.0,13.0,206.0,240.0
2022-01-01 08:57:31-05:00,604.0,39.0,3915.0,3352.0,0.0,382.0,14.0,204.0,238.0
2022-01-01 09:03:31-05:00,593.0,38.0,3873.0,3350.0,16.0,381.0,15.0,215.0,237.0
2022-01-01 09:07:05-05:00,590.0,39.0,3856.0,3352.0,0.0,377.0,14.0,226.0,242.0
2022-01-01 09:13:32-05:00,592.0,38.0,3822.0,3353.0,26.0,375.0,15.0,229.0,242.0
2022-01-01 09:18:01-05:00,592.0,38.0,3822.0,3353.0,26.0,375.0,15.0,229.0,242.0
2022-01-01 09:19:28-05:00,588.0,38.0,3961.0,3350.0,0.0,375.0,13.0,237.0,241.0
2022-01-01 09:23:09-05:00,589.0,39.0,3889.0,3352.0,0.0,377.0,13.0,239.0,243.0
2022-01-01 09:30:35-05:00,590.0,39.0,3912.0,3352.0,1.0,383.0,12.0,268.0,240.0
2022-01-01 10:07:47-05:00,590.0,38.0,4218.0,3352.0,0.0,371.0,15.0,313.0,237.0
2022-01-01 10:16:22-05:00,587.0,38.0,4304.0,3352.0,0.0,375.0,16.0,330.0,239.0
2022-01-01 10:22:07-05:00,579.0,38.0,4347.0,3348.0,4.0,373.0,18.0,328.0,236.0
2022-01-01 10:37:52-05:00,572.0,38.0,4396.0,3349.0,0.0,377.0,17.0,372.0,241.0
2022-01-01 10:44:55-05:00,569.0,38.0,4491.0,3350.0,0.0,379.0,17.0,395.0,241.0
2022-01-01 10:55:37-05:00,576.0,38.0,4493.0,3352.0,1.0,376.0,18.0,445.0,242.0
2022-01-01 11:02:04-05:00,573.0,38.0,4653.0,3352.0,0.0,369.0,17.0,474.0,240.0
2022-01-01 11:03:17-05:00,576.0,38.0,4667.0,3352.0,0.0,369.0,18.0,482.0,240.0
2022-01-01 11:08:22-05:00,590.0,38.0,4633.0,3352.0,14.0,375.0,19.0,479.0,241.0
2022-01-01 11:24:48-05:00,586.0,38.0,4671.0,3353.0,0.0,367.0,19.0,493.0,242.0
2022-01-01 11:34:13-05:00,583.0,38.0,4760.0,3353.0,0.0,372.0,19.0,507.0,240.0
2022-01-01 11:41:33-05:00,583.0,38.0,4759.0,3350.0,0.0,370.0,19.0,491.0,241.0
2022-01-01 11:55:05-05:00,584.0,38.0,4747.0,3348.0,5.0,369.0,20.0,499.0,241.0
2022-01-01 12:01:07-05:00,583.0,38.0,4814.0,3352.0,2.0,374.0,19.0,448.0,241.0
2022-01-01 12:08:18-05:00,585.0,38.0,4771.0,3353.0,9.0,375.0,21.0,414.0,240.0
2022-01-01 12:22:30-05:00,582.0,38.0,4802.0,3348.0,2.0,374.0,22.0,370.0,243.0
2022-01-01 12:38:37-05:00,582.0,38.0,4846.0,3350.0,2.0,376.0,25.0,361.0,243.0
2022-01-01 12:47:08-05:00,580.0,38.0,4860.0,3350.0,1.0,376.0,26.0,323.0,240.0
2022-01-01 12:52:07-05:00,580.0,38.0,4906.0,3350.0,1.0,374.0,28.0,301.0,240.0
2022-01-01 12:59:26-05:00,595.0,38.0,4952.0,3352.0,0.0,374.0,29.0,292.0,241.0
2022-01-01 13:10:39-05:00,595.0,38.0,4889.0,3350.0,2.0,380.0,26.0,269.0,241.0
2022-01-01 13:15:53-05:00,594.0,38.0,4935.0,3352.0,0.0,377.0,26.0,255.0,239.0
2022-01-01 13:22:11-05:00,597.0,38.0,4946.0,3350.0,12.0,380.0,26.0,244.0,239.0
2022-01-01 13:28:07-05:00,594.0,38.0,4955.0,3352.0,0.0,373.0,28.0,247.0,241.0
2022-01-01 13:37:25-05:00,594.0,38.0,4948.0,3352.0,3.0,364.0,26.0,223.0,240.0
2022-01-01 13:46:43-05:00,595.0,38.0,5029.0,3352.0,3.0,363.0,26.0,208.0,239.0
2022-01-01 13:53:45-05:00,596.0,38.0,4992.0,3352.0,12.0,367.0,26.0,215.0,240.0
2022-01-01 13:55:11-05:00,595.0,38.0,4994.0,3350.0,2.0,368.0,26.0,209.0,239.0
2022-01-01 14:01:36-05:00,597.0,38.0,4927.0,3350.0,0.0,356.0,22.0,206.0,237.0
2022-01-01 14:06:56-05:00,598.0,38.0,5041.0,3352.0,0.0,350.0,20.0,203.0,238.0
2022-01-01 14:11:26-05:00,597.0,38.0,5012.0,3350.0,0.0,354.0,20.0,213.0,238.0
2022-01-01 14:12:45-05:00,596.0,38.0,5009.0,3353.0,0.0,356.0,21.0,214.0,240.0
2022-01-01 14:18:44-05:00,596.0,38.0,4999.0,3353.0,0.0,357.0,20.0,204.0,241.0
2022-01-01 14:27:46-05:00,597.0,38.0,4951.0,3352.0,0.0,364.0,21.0,205.0,242.0
2022-01-01 14:30:30-05:00,597.0,38.0,4927.0,3350.0,0.0,367.0,21.0,202.0,240.0
2022-01-01 14:40:40-05:00,596.0,38.0,4903.0,3353.0,6.0,357.0,19.0,186.0,237.0
2022-01-01 14:48:41-05:00,595.0,38.0,4903.0,3348.0,3.0,359.0,20.0,176.0,239.0
2022-01-01 14:52:06-05:00,598.0,38.0,4873.0,3352.0,20.0,359.0,21.0,169.0,241.0
2022-01-01 15:05:05-05:00,621.0,37.0,4986.0,3348.0,0.0,352.0,17.0,175.0,241.0
2022-01-01 15:14:13-05:00,623.0,37.0,4967.0,3352.0,9.0,358.0,17.0,178.0,242.0
2022-01-01 15:18:35-05:00,626.0,37.0,4955.0,3348.0,7.0,363.0,15.0,197.0,245.0
2022-01-01 15:28:05-05:00,632.0,38.0,4982.0,3350.0,0.0,360.0,13.0,206.0,241.0
2022-01-01 15:36:18-05:00,634.0,37.0,5050.0,3350.0,3.0,364.0,9.0,207.0,244.0
2022-01-01 15:41:28-05:00,633.0,37.0,5111.0,3350.0,0.0,367.0,7.0,205.0,243.0
2022-01-01 15:43:21-05:00,633.0,37.0,5111.0,3350.0,0.0,367.0,7.0,205.0,243.0
2022-01-01 15:44:44-05:00,632.0,38.0,5179.0,3350.0,0.0,360.0,6.0,214.0,244.0
2022-01-01 15:52:52-05:00,633.0,38.0,5129.0,3352.0,0.0,372.0,5.0,230.0,244.0
2022-01-01 15:58:50-05:00,667.0,38.0,5254.0,3352.0,0.0,368.0,4.0,222.0,242.0
2022-01-01 16:09:30-05:00,668.0,38.0,5315.0,3352.0,16.0,373.0,3.0,222.0,245.0
2022-01-01 16:14:23-05:00,669.0,38.0,5401.0,3352.0,2.0,369.0,3.0,216.0,243.0
2022-01-01 16:18:09-05:00,668.0,37.0,5511.0,3352.0,0.0,369.0,3.0,215.0,243.0
2022-01-01 16:23:21-05:00,672.0,38.0,5619.0,3350.0,0.0,364.0,3.0,213.0,244.0
2022-01-01 16:26:14-05:00,672.0,38.0,5672.0,3352.0,1.0,368.0,3.0,205.0,245.0
2022-01-01 16:32:51-05:00,671.0,38.0,5813.0,3350.0,0.0,375.0,3.0,197.0,244.0
2022-01-01 16:39:02-05:00,942.0,38.0,5896.0,3352.0,0.0,375.0,3.0,195.0,245.0
2022-01-01 16:40:16-05:00,942.0,38.0,5890.0,3350.0,0.0,373.0,3.0,200.0,245.0
2022-01-01 16:45:47-05:00,937.0,38.0,5890.0,3352.0,0.0,374.0,3.0,197.0,244.0
2022-01-01 16:47:37-05:00,935.0,38.0,5888.0,3352.0,14.0,369.0,3.0,195.0,243.0
2022-01-01 16:53:37-05:00,940.0,38.0,5927.0,3352.0,16.0,369.0,3.0,193.0,245.0
2022-01-01 16:55:21-05:00,948.0,38.0,6010.0,3352.0,0.0,370.0,3.0,193.0,243.0
2022-01-01 16:57:50-05:00,977.0,38.0,5990.0,3352.0,0.0,371.0,3.0,196.0,245.0
2022-01-01 17:06:27-05:00,977.0,38.0,5802.0,3352.0,1.0,369.0,3.0,199.0,245.0
2022-01-01 17:12:21-05:00,975.0,38.0,5843.0,3352.0,0.0,371.0,3.0,197.0,242.0
2022-01-01 17:18:34-05:00,971.0,38.0,5917.0,3352.0,0.0,367.0,3.0,202.0,244.0
2022-01-01 17:23:17-05:00,976.0,38.0,5915.0,3352.0,0.0,376.0,3.0,196.0,245.0
2022-01-01 17:31:52-05:00,985.0,38.0,5936.0,3353.0,2.0,373.0,3.0,185.0,244.0
2022-01-01 17:40:26-05:00,982.0,38.0,5844.0,3352.0,0.0,375.0,3.0,179.0,244.0
2022-01-01 17:55:22-05:00,850.0,38.0,5997.0,3350.0,0.0,379.0,3.0,176.0,241.0
2022-01-01 17:59:21-05:00,848.0,38.0,6059.0,3352.0,0.0,380.0,3.0,177.0,243.0
2022-01-01 18:01:08-05:00,847.0,38.0,6008.0,3352.0,3.0,379.0,3.0,174.0,242.0
2022-01-01 18:09:51-05:00,857.0,38.0,5960.0,3352.0,16.0,378.0,3.0,168.0,243.0
2022-01-01 18:20:43-05:00,859.0,38.0,5930.0,3353.0,0.0,376.0,3.0,150.0,241.0
2022-01-01 18:28:59-05:00,860.0,38.0,5859.0,3352.0,8.0,382.0,3.0,148.0,243.0
2022-01-01 18:42:13-05:00,730.0,38.0,5980.0,3352.0,2.0,380.0,3.0,139.0,241.0
2022-01-01 18:50:24-05:00,734.0,38.0,5799.0,3350.0,26.0,364.0,3.0,131.0,242.0
2022-01-01 19:18:39-05:00,668.0,38.0,5961.0,3353.0,0.0,374.0,3.0,123.0,242.0
2022-01-01 19:28:13-05:00,629.0,38.0,5868.0,3350.0,0.0,374.0,3.0,107.0,239.0
2022-01-01 19:37:29-05:00,631.0,38.0,5735.0,3350.0,15.0,373.0,3.0,90.0,240.0
2022-01-01 19:53:49-05:00,631.0,38.0,5674.0,3352.0,6.0,372.0,3.0,63.0,245.0
2022-01-01 19:59:46-05:00,603.0,38.0,5641.0,3352.0,2.0,371.0,3.0,58.0,244.0
2022-01-01 20:07:38-05:00,602.0,38.0,5500.0,3348.0,0.0,378.0,3.0,54.0,244.0
2022-01-01 20:28:52-05:00,601.0,38.0,5353.0,3350.0,0.0,375.0,3.0,51.0,242.0
2022-01-01 20:30:28-05:00,601.0,38.0,5349.0,3348.0,0.0,373.0,3.0,53.0,241.0
2022-01-01 21:02:59-05:00,602.0,38.0,5131.0,3348.0,1.0,380.0,3.0,27.0,243.0
2022-01-01 21:10:07-05:00,600.0,38.0,4899.0,3350.0,43.0,378.0,3.0,25.0,242.0
2022-01-01 21:11:14-05:00,600.0,38.0,4808.0,3350.0,33.0,380.0,3.0,25.0,243.0
2022-01-01 21:13:38-05:00,597.0,38.0,4823.0,3350.0,6.0,377.0,3.0,28.0,242.0
2022-01-01 21:39:48-05:00,599.0,38.0,4786.0,3350.0,0.0,371.0,3.0,28.0,241.0
2022-01-01 21:42:31-05:00,597.0,38.0,4725.0,3352.0,0.0,377.0,3.0,22.0,242.0
2022-01-01 21:48:05-05:00,596.0,38.0,4473.0,3349.0,16.0,377.0,3.0,31.0,242.0
2022-01-01 22:01:01-05:00,592.0,38.0,4430.0,3349.0,0.0,377.0,3.0,25.0,241.0
2022-01-01 22:17:44-05:00,591.0,38.0,4205.0,3352.0,0.0,373.0,3.0,36.0,241.0
2022-01-01 22:36:30-05:00,593.0,38.0,3893.0,3352.0,3.0,377.0,3.0,45.0,241.0
2022-01-01 22:46:08-05:00,594.0,38.0,3747.0,3350.0,10.0,381.0,3.0,35.0,240.0
2022-01-01 23:05:43-05:00,595.0,38.0,3747.0,3350.0,41.0,375.0,3.0,22.0,243.0
2022-01-01 23:15:02-05:00,595.0,38.0,3701.0,3355.0,2.0,380.0,3.0,22.0,241.0
2022-01-01 23:39:48-05:00,594.0,38.0,3482.0,3350.0,3.0,385.0,3.0,31.0,243.0
2022-01-01 23:39:59-05:00,594.0,38.0,3427.0,3352.0,2.0,372.0,3.0,21.0,241.0
2022-01-01 23:57:40-05:00,595.0,38.0,3262.0,3350.0,0.0,376.0,3.0,42.0,242.0
