Time,Coal,Hydro,Landfill Gas,Natural Gas,Nuclear,Oil,Other,Refuse,Solar,Wind,Wood
2022-07-01 00:03:28-04:00,4.0,262.0,35.0,6697.0,3357.0,0.0,0.0,340.0,7.0,177.0,253.0
2022-07-01 00:14:25-04:00,2.0,261.0,34.0,6714.0,3361.0,0.0,0.0,347.0,7.0,176.0,255.0
2022-07-01 00:25:55-04:00,6.0,272.0,34.0,6818.0,3356.0,0.0,1.0,342.0,7.0,175.0,251.0
2022-07-01 00:34:00-04:00,7.0,274.0,34.0,6640.0,3358.0,0.0,0.0,346.0,7.0,187.0,253.0
2022-07-01 00:39:33-04:00,8.0,277.0,35.0,6452.0,3360.0,0.0,16.0,347.0,7.0,193.0,253.0
2022-07-01 00:46:44-04:00,0.0,277.0,35.0,6439.0,3358.0,0.0,2.0,350.0,7.0,197.0,251.0
2022-07-01 00:56:31-04:00,2.0,277.0,34.0,6318.0,3358.0,0.0,2.0,353.0,7.0,197.0,253.0
2022-07-01 00:57:02-04:00,2.0,277.0,34.0,6318.0,3358.0,0.0,2.0,353.0,7.0,197.0,253.0
2022-07-01 01:09:40-04:00,0.0,277.0,34.0,6108.0,3358.0,0.0,37.0,357.0,7.0,199.0,252.0
2022-07-01 01:09:50-04:00,5.0,275.0,35.0,6126.0,3358.0,0.0,3.0,357.0,7.0,207.0,251.0
2022-07-01 01:12:37-04:00,2.0,277.0,35.0,6173.0,3358.0,0.0,34.0,357.0,7.0,207.0,248.0
2022-07-01 01:14:52-04:00,1.0,275.0,35.0,6266.0,3358.0,0.0,4.0,357.0,7.0,207.0,248.0
2022-07-01 01:16:24-04:00,1.0,275.0,35.0,6266.0,3358.0,0.0,4.0,357.0,7.0,207.0,248.0
2022-07-01 01:25:12-04:00,0.0,277.0,35.0,6310.0,3356.0,0.0,2.0,348.0,7.0,219.0,250.0
2022-07-01 01:35:52-04:00,2.0,275.0,35.0,6083.0,3359.0,0.0,2.0,352.0,7.0,229.0,247.0
2022-07-01 01:46:09-04:00,4.0,276.0,34.0,5962.0,3359.0,0.0,2.0,340.0,7.0,225.0,242.0
2022-07-01 01:53:08-04:00,0.0,278.0,35.0,5930.0,3362.0,0.0,2.0,349.0,7.0,233.0,245.0
2022-07-01 02:02:40-04:00,3.0,282.0,35.0,5863.0,3363.0,0.0,23.0,350.0,7.0,235.0,245.0
2022-07-01 02:08:32-04:00,0.0,282.0,35.0,5816.0,3363.0,0.0,4.0,347.0,7.0,225.0,244.0
2022-07-01 02:18:10-04:00,0.0,282.0,35.0,5715.0,3360.0,0.0,2.0,341.0,7.0,230.0,244.0
2022-07-01 02:22:59-04:00,0.0,284.0,35.0,5678.0,3360.0,0.0,2.0,348.0,7.0,234.0,244.0
2022-07-01 02:31:26-04:00,3.0,280.0,34.0,5647.0,3359.0,0.0,2.0,351.0,7.0,251.0,243.0
2022-07-01 02:39:44-04:00,0.0,284.0,35.0,5605.0,3359.0,0.0,9.0,354.0,7.0,262.0,241.0
2022-07-01 02:41:10-04:00,1.0,284.0,35.0,5609.0,3359.0,0.0,2.0,354.0,7.0,263.0,240.0
2022-07-01 02:48:14-04:00,1.0,285.0,35.0,5519.0,3360.0,0.0,2.0,347.0,7.0,260.0,240.0
2022-07-01 02:54:23-04:00,1.0,282.0,35.0,5566.0,3360.0,0.0,2.0,354.0,7.0,267.0,239.0
2022-07-01 03:05:12-04:00,2.0,287.0,35.0,5517.0,3359.0,0.0,9.0,355.0,7.0,269.0,239.0
2022-07-01 03:15:21-04:00,0.0,292.0,34.0,5565.0,3359.0,0.0,2.0,355.0,7.0,276.0,238.0
2022-07-01 03:23:18-04:00,1.0,292.0,35.0,5532.0,3358.0,0.0,2.0,346.0,7.0,284.0,237.0
2022-07-01 03:34:28-04:00,0.0,292.0,34.0,5444.0,3359.0,0.0,20.0,347.0,7.0,279.0,237.0
2022-07-01 03:42:47-04:00,0.0,289.0,33.0,5457.0,3359.0,0.0,2.0,357.0,7.0,292.0,235.0
2022-07-01 03:52:28-04:00,0.0,286.0,33.0,5454.0,3359.0,0.0,5.0,353.0,7.0,287.0,236.0
2022-07-01 04:02:25-04:00,0.0,286.0,33.0,5356.0,3361.0,0.0,2.0,353.0,7.0,296.0,235.0
2022-07-01 04:08:59-04:00,0.0,287.0,33.0,5391.0,3359.0,0.0,2.0,353.0,7.0,306.0,237.0
2022-07-01 04:17:22-04:00,0.0,287.0,33.0,5418.0,3359.0,0.0,2.0,348.0,7.0,324.0,237.0
2022-07-01 04:24:06-04:00,0.0,286.0,33.0,5547.0,3360.0,0.0,2.0,346.0,7.0,348.0,233.0
2022-07-01 04:32:33-04:00,0.0,285.0,33.0,5536.0,3361.0,0.0,4.0,341.0,7.0,359.0,235.0
2022-07-01 04:42:03-04:00,0.0,286.0,33.0,5580.0,3362.0,0.0,4.0,346.0,7.0,335.0,232.0
2022-07-01 04:47:58-04:00,2.0,285.0,33.0,5677.0,3358.0,0.0,2.0,356.0,7.0,349.0,230.0
2022-07-01 04:54:59-04:00,0.0,284.0,33.0,5691.0,3358.0,0.0,2.0,341.0,7.0,372.0,231.0
2022-07-01 05:02:48-04:00,0.0,286.0,33.0,5526.0,3360.0,0.0,9.0,344.0,7.0,372.0,228.0
2022-07-01 05:07:21-04:00,0.0,284.0,33.0,5570.0,3359.0,0.0,4.0,343.0,7.0,387.0,229.0
2022-07-01 05:17:34-04:00,0.0,286.0,33.0,5611.0,3358.0,0.0,4.0,346.0,7.0,381.0,224.0
2022-07-01 05:22:48-04:00,0.0,286.0,33.0,5438.0,3358.0,0.0,4.0,343.0,9.0,380.0,226.0
2022-07-01 05:23:41-04:00,0.0,286.0,33.0,5438.0,3358.0,0.0,4.0,343.0,9.0,380.0,226.0
2022-07-01 05:28:22-04:00,1.0,286.0,33.0,5279.0,3358.0,0.0,15.0,350.0,10.0,402.0,223.0
2022-07-01 05:29:38-04:00,1.0,286.0,33.0,5279.0,3358.0,0.0,15.0,350.0,10.0,402.0,223.0
2022-07-01 05:33:20-04:00,1.0,289.0,33.0,5261.0,3361.0,0.0,24.0,355.0,12.0,415.0,224.0
2022-07-01 05:40:54-04:00,0.0,286.0,33.0,5358.0,3359.0,0.0,6.0,340.0,15.0,428.0,223.0
2022-07-01 05:47:29-04:00,0.0,288.0,33.0,5410.0,3361.0,0.0,6.0,346.0,18.0,447.0,220.0
2022-07-01 05:54:43-04:00,0.0,285.0,33.0,5495.0,3358.0,0.0,2.0,335.0,22.0,453.0,224.0
2022-07-01 06:02:04-04:00,0.0,290.0,33.0,5468.0,3359.0,0.0,2.0,321.0,26.0,467.0,222.0
2022-07-01 06:04:31-04:00,0.0,294.0,33.0,5529.0,3359.0,0.0,22.0,317.0,27.0,477.0,224.0
2022-07-01 06:16:28-04:00,0.0,297.0,33.0,5802.0,3360.0,0.0,20.0,323.0,33.0,451.0,223.0
2022-07-01 06:24:09-04:00,3.0,295.0,33.0,6016.0,3360.0,0.0,2.0,316.0,38.0,453.0,223.0
2022-07-01 06:28:00-04:00,0.0,293.0,33.0,5751.0,3358.0,0.0,43.0,318.0,40.0,459.0,223.0
2022-07-01 06:29:04-04:00,0.0,295.0,33.0,5688.0,3358.0,0.0,44.0,318.0,41.0,460.0,223.0
2022-07-01 06:29:53-04:00,0.0,295.0,33.0,5685.0,3358.0,0.0,44.0,320.0,42.0,458.0,223.0
2022-07-01 06:31:52-04:00,0.0,294.0,33.0,5922.0,3357.0,0.0,2.0,319.0,44.0,464.0,224.0
2022-07-01 06:33:58-04:00,0.0,295.0,33.0,5930.0,3360.0,0.0,2.0,318.0,43.0,465.0,224.0
2022-07-01 06:49:46-04:00,2.0,297.0,33.0,5901.0,3361.0,0.0,2.0,314.0,61.0,459.0,224.0
2022-07-01 06:53:30-04:00,4.0,299.0,33.0,6004.0,3360.0,0.0,2.0,310.0,69.0,456.0,223.0
2022-07-01 06:53:40-04:00,4.0,299.0,33.0,6004.0,3360.0,0.0,2.0,310.0,69.0,456.0,223.0
2022-07-01 06:53:52-04:00,4.0,299.0,33.0,6004.0,3360.0,0.0,2.0,310.0,69.0,456.0,223.0
2022-07-01 07:07:30-04:00,0.0,300.0,33.0,5888.0,3364.0,0.0,46.0,320.0,88.0,462.0,225.0
2022-07-01 07:17:30-04:00,0.0,298.0,33.0,6318.0,3364.0,0.0,2.0,314.0,109.0,436.0,223.0
2022-07-01 07:30:20-04:00,0.0,292.0,33.0,6478.0,3363.0,0.0,4.0,318.0,119.0,436.0,222.0
2022-07-01 07:53:22-04:00,0.0,297.0,34.0,6811.0,3363.0,0.0,14.0,324.0,159.0,429.0,225.0
2022-07-01 07:54:15-04:00,2.0,294.0,34.0,6867.0,3361.0,0.0,2.0,322.0,158.0,433.0,222.0
2022-07-01 08:05:35-04:00,0.0,295.0,34.0,6962.0,3361.0,0.0,3.0,320.0,197.0,403.0,223.0
2022-07-01 08:17:22-04:00,0.0,295.0,34.0,6962.0,3361.0,0.0,3.0,320.0,197.0,403.0,223.0
2022-07-01 08:19:19-04:00,0.0,300.0,34.0,7085.0,3364.0,0.0,43.0,325.0,209.0,391.0,222.0
2022-07-01 08:19:50-04:00,0.0,303.0,34.0,7109.0,3363.0,0.0,36.0,326.0,212.0,388.0,222.0
2022-07-01 08:22:27-04:00,0.0,301.0,34.0,7133.0,3364.0,0.0,23.0,326.0,213.0,390.0,221.0
2022-07-01 08:27:29-04:00,2.0,301.0,34.0,7523.0,3364.0,0.0,2.0,327.0,235.0,367.0,222.0
2022-07-01 08:39:55-04:00,2.0,300.0,34.0,7460.0,3362.0,0.0,3.0,321.0,237.0,333.0,222.0
2022-07-01 08:43:11-04:00,0.0,299.0,34.0,7680.0,3363.0,0.0,2.0,322.0,234.0,344.0,224.0
2022-07-01 08:44:16-04:00,3.0,299.0,34.0,7752.0,3362.0,0.0,2.0,320.0,239.0,341.0,223.0
2022-07-01 08:46:06-04:00,3.0,299.0,34.0,7752.0,3362.0,0.0,2.0,320.0,239.0,341.0,223.0
2022-07-01 08:50:41-04:00,4.0,300.0,34.0,7559.0,3363.0,0.0,51.0,317.0,243.0,338.0,222.0
2022-07-01 08:58:39-04:00,6.0,304.0,34.0,8001.0,3363.0,0.0,2.0,322.0,306.0,331.0,220.0
2022-07-01 09:02:52-04:00,6.0,304.0,34.0,8001.0,3363.0,0.0,2.0,322.0,306.0,331.0,220.0
2022-07-01 09:09:21-04:00,0.0,302.0,34.0,7627.0,3363.0,0.0,51.0,324.0,291.0,329.0,209.0
2022-07-01 09:14:47-04:00,0.0,293.0,34.0,7794.0,3361.0,0.0,2.0,319.0,309.0,311.0,220.0
2022-07-01 09:21:21-04:00,0.0,301.0,34.0,7887.0,3362.0,0.0,2.0,313.0,343.0,313.0,221.0
2022-07-01 09:35:14-04:00,0.0,301.0,34.0,7958.0,3361.0,0.0,5.0,312.0,349.0,311.0,222.0
2022-07-01 09:42:43-04:00,1.0,301.0,33.0,8079.0,3361.0,0.0,5.0,323.0,363.0,290.0,223.0
2022-07-01 09:53:16-04:00,0.0,300.0,34.0,8169.0,3363.0,0.0,6.0,318.0,403.0,302.0,220.0
2022-07-01 10:02:36-04:00,0.0,343.0,34.0,8520.0,3363.0,0.0,18.0,319.0,393.0,307.0,221.0
2022-07-01 10:09:43-04:00,0.0,339.0,34.0,8625.0,3362.0,0.0,9.0,312.0,381.0,324.0,224.0
2022-07-01 10:24:56-04:00,0.0,333.0,33.0,8773.0,3360.0,16.0,7.0,317.0,402.0,338.0,222.0
2022-07-01 10:33:52-04:00,0.0,334.0,34.0,8809.0,3357.0,34.0,8.0,317.0,425.0,332.0,223.0
2022-07-01 10:43:32-04:00,0.0,333.0,34.0,8877.0,3359.0,34.0,5.0,317.0,434.0,339.0,224.0
2022-07-01 10:50:22-04:00,0.0,337.0,34.0,8847.0,3361.0,33.0,7.0,313.0,437.0,343.0,222.0
2022-07-01 11:07:15-04:00,0.0,335.0,33.0,9129.0,3360.0,33.0,5.0,317.0,445.0,315.0,224.0
2022-07-01 11:18:37-04:00,0.0,337.0,33.0,9341.0,3361.0,33.0,3.0,318.0,439.0,312.0,222.0
2022-07-01 11:24:40-04:00,0.0,336.0,34.0,9391.0,3362.0,33.0,3.0,321.0,450.0,327.0,223.0
2022-07-01 11:30:46-04:00,0.0,338.0,33.0,9487.0,3362.0,33.0,2.0,318.0,446.0,343.0,220.0
2022-07-01 11:37:38-04:00,0.0,341.0,33.0,9632.0,3359.0,32.0,2.0,307.0,445.0,356.0,220.0
2022-07-01 11:47:29-04:00,0.0,341.0,33.0,9904.0,3359.0,32.0,2.0,316.0,448.0,342.0,220.0
2022-07-01 11:57:07-04:00,0.0,341.0,33.0,9928.0,3360.0,32.0,25.0,314.0,446.0,339.0,222.0
2022-07-01 12:12:54-04:00,0.0,342.0,33.0,10315.0,3361.0,20.0,14.0,305.0,439.0,344.0,221.0
2022-07-01 12:14:33-04:00,0.0,342.0,33.0,10320.0,3361.0,13.0,26.0,303.0,436.0,345.0,220.0
2022-07-01 12:30:01-04:00,0.0,349.0,33.0,10669.0,3358.0,0.0,12.0,312.0,441.0,352.0,223.0
2022-07-01 12:46:53-04:00,0.0,350.0,33.0,10767.0,3359.0,34.0,12.0,306.0,420.0,423.0,224.0
2022-07-01 12:57:00-04:00,0.0,349.0,33.0,10707.0,3362.0,33.0,23.0,300.0,422.0,422.0,224.0
2022-07-01 13:11:40-04:00,0.0,300.0,33.0,10963.0,3362.0,33.0,20.0,309.0,412.0,386.0,227.0
2022-07-01 13:14:51-04:00,0.0,300.0,33.0,10963.0,3362.0,33.0,20.0,309.0,412.0,386.0,227.0
2022-07-01 13:22:35-04:00,0.0,303.0,33.0,11055.0,3356.0,33.0,17.0,301.0,401.0,447.0,230.0
2022-07-01 13:28:34-04:00,0.0,302.0,33.0,11229.0,3356.0,33.0,14.0,304.0,411.0,421.0,231.0
2022-07-01 13:40:05-04:00,0.0,300.0,33.0,11349.0,3355.0,33.0,16.0,310.0,407.0,463.0,233.0
2022-07-01 13:42:43-04:00,0.0,300.0,33.0,11403.0,3355.0,33.0,14.0,313.0,395.0,438.0,234.0
2022-07-01 13:50:16-04:00,0.0,579.0,33.0,11254.0,3358.0,33.0,19.0,311.0,399.0,418.0,233.0
2022-07-01 14:05:06-04:00,0.0,766.0,33.0,11410.0,3356.0,33.0,48.0,313.0,411.0,390.0,235.0
2022-07-01 14:06:25-04:00,0.0,766.0,33.0,11415.0,3358.0,33.0,55.0,312.0,402.0,404.0,235.0
2022-07-01 14:13:50-04:00,0.0,766.0,33.0,11644.0,3356.0,9.0,19.0,302.0,394.0,396.0,236.0
2022-07-01 14:22:52-04:00,0.0,767.0,33.0,11838.0,3357.0,0.0,19.0,296.0,423.0,424.0,238.0
2022-07-01 14:33:38-04:00,0.0,758.0,33.0,11885.0,3358.0,0.0,30.0,305.0,411.0,405.0,240.0
2022-07-01 14:38:20-04:00,0.0,755.0,33.0,11908.0,3361.0,0.0,22.0,299.0,394.0,407.0,240.0
2022-07-01 14:41:01-04:00,0.0,755.0,33.0,11908.0,3361.0,0.0,22.0,299.0,394.0,407.0,240.0
2022-07-01 14:58:25-04:00,0.0,978.0,33.0,11738.0,3356.0,0.0,17.0,301.0,395.0,418.0,242.0
2022-07-01 15:11:05-04:00,1.0,1362.0,33.0,11459.0,3358.0,0.0,25.0,297.0,385.0,414.0,244.0
2022-07-01 15:28:08-04:00,0.0,1369.0,33.0,11847.0,3358.0,0.0,17.0,300.0,385.0,446.0,244.0
2022-07-01 15:33:22-04:00,0.0,1370.0,33.0,11911.0,3356.0,0.0,16.0,296.0,399.0,449.0,248.0
2022-07-01 15:58:23-04:00,0.0,1374.0,33.0,12158.0,3356.0,0.0,24.0,292.0,377.0,412.0,249.0
2022-07-01 16:03:23-04:00,0.0,1436.0,33.0,12111.0,3356.0,0.0,22.0,294.0,299.0,472.0,249.0
2022-07-01 16:09:28-04:00,5.0,1516.0,33.0,12085.0,3357.0,0.0,23.0,290.0,375.0,530.0,249.0
2022-07-01 16:18:57-04:00,7.0,1520.0,33.0,12102.0,3356.0,0.0,17.0,296.0,292.0,510.0,249.0
2022-07-01 16:28:46-04:00,7.0,1535.0,33.0,12204.0,3356.0,0.0,28.0,299.0,313.0,518.0,249.0
2022-07-01 16:39:59-04:00,7.0,1534.0,33.0,12325.0,3356.0,0.0,34.0,288.0,243.0,506.0,250.0
2022-07-01 16:54:45-04:00,11.0,1538.0,33.0,12258.0,3356.0,3.0,40.0,295.0,286.0,493.0,252.0
2022-07-01 17:05:22-04:00,10.0,1803.0,33.0,12325.0,3354.0,3.0,38.0,289.0,245.0,527.0,248.0
2022-07-01 17:14:15-04:00,7.0,1820.0,33.0,12348.0,3356.0,3.0,56.0,290.0,229.0,528.0,252.0
2022-07-01 17:24:46-04:00,6.0,1825.0,33.0,12492.0,3353.0,3.0,37.0,289.0,198.0,528.0,251.0
2022-07-01 17:27:09-04:00,7.0,1828.0,33.0,12465.0,3355.0,3.0,45.0,290.0,201.0,539.0,251.0
2022-07-01 17:39:49-04:00,11.0,1822.0,33.0,12375.0,3352.0,5.0,32.0,292.0,194.0,551.0,250.0
2022-07-01 17:50:28-04:00,10.0,1823.0,33.0,12355.0,3355.0,8.0,34.0,292.0,193.0,532.0,248.0
2022-07-01 18:04:10-04:00,8.0,1826.0,33.0,12399.0,3358.0,8.0,31.0,295.0,154.0,561.0,250.0
2022-07-01 18:15:03-04:00,12.0,1838.0,33.0,12143.0,3355.0,8.0,33.0,296.0,134.0,531.0,248.0
2022-07-01 18:21:50-04:00,7.0,1840.0,33.0,11972.0,3356.0,5.0,43.0,306.0,112.0,545.0,249.0
2022-07-01 18:33:25-04:00,9.0,1827.0,33.0,12117.0,3354.0,5.0,43.0,296.0,84.0,546.0,251.0
2022-07-01 18:37:59-04:00,9.0,1827.0,33.0,12117.0,3354.0,5.0,43.0,296.0,84.0,546.0,251.0
2022-07-01 18:40:56-04:00,9.0,1839.0,33.0,12135.0,3356.0,5.0,59.0,299.0,67.0,557.0,249.0
2022-07-01 18:42:53-04:00,12.0,1833.0,33.0,12163.0,3355.0,5.0,44.0,301.0,65.0,571.0,249.0
2022-07-01 18:52:36-04:00,10.0,1838.0,33.0,12257.0,3359.0,5.0,44.0,293.0,63.0,577.0,248.0
2022-07-01 19:03:17-04:00,10.0,1448.0,33.0,12362.0,3358.0,5.0,50.0,296.0,50.0,576.0,248.0
2022-07-01 19:08:25-04:00,11.0,1446.0,33.0,12356.0,3356.0,5.0,38.0,295.0,45.0,586.0,250.0
2022-07-01 19:21:20-04:00,9.0,1427.0,33.0,12403.0,3358.0,5.0,40.0,299.0,42.0,604.0,248.0
2022-07-01 19:22:33-04:00,10.0,1423.0,33.0,12399.0,3357.0,5.0,41.0,299.0,40.0,607.0,250.0
2022-07-01 19:29:46-04:00,7.0,1427.0,33.0,12276.0,3358.0,5.0,67.0,299.0,33.0,552.0,249.0
2022-07-01 19:36:39-04:00,3.0,1425.0,33.0,12313.0,3356.0,5.0,47.0,303.0,27.0,530.0,249.0
2022-07-01 19:43:41-04:00,4.0,1423.0,33.0,12317.0,3358.0,5.0,35.0,293.0,27.0,569.0,250.0
2022-07-01 19:46:40-04:00,4.0,1423.0,33.0,12317.0,3358.0,5.0,35.0,293.0,27.0,569.0,250.0
2022-07-01 19:51:56-04:00,7.0,1403.0,33.0,12235.0,3360.0,5.0,26.0,302.0,24.0,601.0,250.0
2022-07-01 20:01:32-04:00,9.0,1278.0,33.0,12022.0,3360.0,5.0,12.0,296.0,20.0,650.0,250.0
2022-07-01 20:07:03-04:00,8.0,1284.0,33.0,11895.0,3359.0,5.0,8.0,305.0,16.0,677.0,249.0
2022-07-01 20:13:05-04:00,4.0,1278.0,33.0,11656.0,3359.0,5.0,27.0,304.0,12.0,676.0,248.0
2022-07-01 20:20:05-04:00,6.0,1278.0,33.0,11668.0,3358.0,5.0,13.0,312.0,10.0,695.0,248.0
2022-07-01 20:27:21-04:00,4.0,1276.0,33.0,11623.0,3356.0,5.0,13.0,309.0,11.0,646.0,249.0
2022-07-01 20:29:30-04:00,5.0,1277.0,33.0,11623.0,3358.0,5.0,13.0,303.0,10.0,613.0,247.0
2022-07-01 20:34:10-04:00,2.0,1276.0,33.0,11589.0,3356.0,5.0,23.0,315.0,11.0,571.0,247.0
2022-07-01 20:39:01-04:00,0.0,1276.0,33.0,11566.0,3356.0,5.0,14.0,316.0,11.0,587.0,247.0
2022-07-01 20:47:38-04:00,0.0,1278.0,34.0,11580.0,3358.0,5.0,16.0,328.0,9.0,591.0,250.0
2022-07-01 20:56:26-04:00,0.0,958.0,33.0,11845.0,3358.0,5.0,12.0,334.0,10.0,553.0,247.0
2022-07-01 20:59:28-04:00,0.0,958.0,33.0,11845.0,3358.0,5.0,12.0,334.0,10.0,553.0,247.0
2022-07-01 21:03:32-04:00,0.0,954.0,33.0,11748.0,3356.0,5.0,23.0,336.0,7.0,535.0,247.0
2022-07-01 21:07:09-04:00,0.0,731.0,33.0,11746.0,3356.0,5.0,27.0,332.0,7.0,512.0,250.0
2022-07-01 21:13:18-04:00,0.0,729.0,33.0,11854.0,3359.0,5.0,12.0,328.0,7.0,513.0,250.0
2022-07-01 21:21:03-04:00,0.0,717.0,33.0,11781.0,3356.0,5.0,12.0,331.0,7.0,532.0,249.0
2022-07-01 21:34:05-04:00,1.0,712.0,33.0,11619.0,3361.0,5.0,17.0,337.0,7.0,478.0,248.0
2022-07-01 21:41:30-04:00,0.0,708.0,34.0,11632.0,3359.0,5.0,12.0,339.0,7.0,426.0,249.0
2022-07-01 21:57:03-04:00,0.0,706.0,33.0,11439.0,3358.0,5.0,12.0,333.0,7.0,412.0,249.0
2022-07-01 22:02:40-04:00,0.0,574.0,33.0,11454.0,3358.0,5.0,2.0,341.0,7.0,394.0,248.0
2022-07-01 22:12:12-04:00,0.0,584.0,34.0,11231.0,3360.0,5.0,24.0,337.0,7.0,386.0,250.0
2022-07-01 22:22:35-04:00,0.0,525.0,33.0,11285.0,3358.0,5.0,2.0,335.0,7.0,350.0,246.0
2022-07-01 22:31:42-04:00,0.0,458.0,33.0,11010.0,3358.0,5.0,2.0,329.0,7.0,340.0,247.0
2022-07-01 22:42:24-04:00,0.0,332.0,34.0,10775.0,3359.0,5.0,3.0,325.0,7.0,349.0,248.0
2022-07-01 22:54:57-04:00,0.0,330.0,33.0,10475.0,3360.0,5.0,2.0,327.0,7.0,409.0,248.0
2022-07-01 23:02:38-04:00,0.0,331.0,33.0,10175.0,3360.0,5.0,45.0,328.0,7.0,411.0,249.0
2022-07-01 23:04:06-04:00,0.0,332.0,33.0,10216.0,3359.0,5.0,2.0,327.0,7.0,403.0,252.0
2022-07-01 23:08:53-04:00,0.0,332.0,33.0,10041.0,3358.0,5.0,11.0,327.0,7.0,391.0,250.0
2022-07-01 23:13:30-04:00,0.0,329.0,33.0,9851.0,3358.0,5.0,8.0,325.0,7.0,373.0,249.0
2022-07-01 23:23:38-04:00,0.0,308.0,34.0,9682.0,3359.0,0.0,2.0,330.0,7.0,332.0,250.0
2022-07-01 23:26:19-04:00,0.0,312.0,33.0,9640.0,3357.0,0.0,2.0,331.0,7.0,333.0,249.0
2022-07-01 23:37:21-04:00,0.0,312.0,34.0,9408.0,3358.0,0.0,2.0,326.0,7.0,352.0,247.0
2022-07-01 23:42:44-04:00,0.0,310.0,33.0,9325.0,3357.0,0.0,2.0,334.0,7.0,345.0,247.0
2022-07-01 23:44:14-04:00,0.0,310.0,33.0,9325.0,3357.0,0.0,2.0,334.0,7.0,345.0,247.0
2022-07-01 23:55:57-04:00,0.0,310.0,33.0,9112.0,3357.0,0.0,2.0,332.0,7.0,287.0,248.0
