Time,Coal,Hydro,Landfill Gas,Natural Gas,Nuclear,Oil,Other,Refuse,Solar,Wind,Wood
2022-09-01 00:08:49-04:00,0.0,382.0,30.0,5560.0,3322.0,0.0,0.0,269.0,0.0,354.0,235.0
2022-09-01 00:13:53-04:00,0.0,382.0,30.0,5239.0,3323.0,0.0,41.0,267.0,0.0,350.0,232.0
2022-09-01 00:16:40-04:00,0.0,382.0,30.0,5122.0,3323.0,0.0,36.0,266.0,0.0,339.0,232.0
2022-09-01 00:22:24-04:00,0.0,383.0,30.0,5284.0,3325.0,0.0,0.0,265.0,0.0,347.0,233.0
2022-09-01 00:26:35-04:00,0.0,381.0,30.0,5091.0,3322.0,0.0,7.0,260.0,0.0,350.0,233.0
2022-09-01 00:35:42-04:00,0.0,380.0,30.0,4985.0,3322.0,0.0,0.0,261.0,0.0,357.0,234.0
2022-09-01 00:44:01-04:00,0.0,382.0,30.0,4800.0,3322.0,0.0,9.0,257.0,0.0,363.0,234.0
2022-09-01 00:52:28-04:00,0.0,383.0,30.0,4585.0,3324.0,0.0,1.0,267.0,0.0,377.0,233.0
2022-09-01 00:58:18-04:00,0.0,382.0,30.0,4574.0,3324.0,0.0,0.0,263.0,0.0,367.0,236.0
2022-09-01 01:07:56-04:00,0.0,384.0,30.0,4496.0,3324.0,0.0,3.0,265.0,0.0,361.0,236.0
2022-09-01 01:14:24-04:00,0.0,384.0,30.0,4539.0,3326.0,0.0,0.0,267.0,0.0,353.0,234.0
2022-09-01 01:21:47-04:00,0.0,387.0,30.0,4425.0,3328.0,0.0,10.0,266.0,0.0,367.0,234.0
2022-09-01 01:29:05-04:00,0.0,384.0,30.0,4399.0,3325.0,0.0,0.0,265.0,0.0,358.0,235.0
2022-09-01 01:36:29-04:00,0.0,386.0,30.0,4353.0,3325.0,0.0,0.0,272.0,0.0,378.0,234.0
2022-09-01 01:43:56-04:00,0.0,386.0,30.0,4264.0,3324.0,0.0,1.0,268.0,0.0,378.0,235.0
2022-09-01 01:51:53-04:00,0.0,385.0,30.0,4201.0,3325.0,0.0,0.0,268.0,0.0,391.0,236.0
2022-09-01 01:55:57-04:00,0.0,381.0,30.0,4274.0,3325.0,0.0,0.0,266.0,0.0,397.0,233.0
2022-09-01 02:06:26-04:00,0.0,383.0,30.0,4104.0,3325.0,0.0,17.0,264.0,0.0,432.0,235.0
2022-09-01 02:15:42-04:00,0.0,381.0,30.0,4087.0,3323.0,0.0,0.0,262.0,0.0,473.0,235.0
2022-09-01 02:21:15-04:00,0.0,382.0,30.0,4062.0,3323.0,0.0,0.0,261.0,0.0,497.0,233.0
2022-09-01 02:27:39-04:00,0.0,381.0,30.0,4003.0,3328.0,0.0,0.0,264.0,0.0,506.0,234.0
2022-09-01 02:36:57-04:00,0.0,382.0,30.0,3967.0,3326.0,0.0,0.0,265.0,0.0,520.0,234.0
2022-09-01 02:47:12-04:00,0.0,376.0,30.0,3889.0,3326.0,0.0,0.0,268.0,0.0,540.0,235.0
2022-09-01 02:53:10-04:00,0.0,377.0,30.0,3828.0,3326.0,0.0,8.0,264.0,0.0,523.0,232.0
2022-09-01 03:03:17-04:00,0.0,378.0,30.0,3978.0,3329.0,0.0,0.0,273.0,0.0,508.0,233.0
2022-09-01 03:07:59-04:00,0.0,379.0,30.0,3959.0,3325.0,0.0,22.0,270.0,0.0,515.0,235.0
2022-09-01 03:14:46-04:00,0.0,374.0,30.0,4030.0,3323.0,0.0,0.0,274.0,0.0,516.0,234.0
2022-09-01 03:24:00-04:00,0.0,374.0,30.0,4002.0,3325.0,0.0,0.0,270.0,0.0,527.0,233.0
2022-09-01 03:31:16-04:00,0.0,373.0,30.0,3978.0,3325.0,0.0,0.0,273.0,0.0,527.0,230.0
2022-09-01 03:38:05-04:00,0.0,375.0,30.0,3923.0,3325.0,0.0,1.0,275.0,0.0,558.0,230.0
2022-09-01 03:45:20-04:00,0.0,374.0,30.0,3874.0,3327.0,0.0,0.0,277.0,0.0,574.0,232.0
2022-09-01 03:52:02-04:00,0.0,374.0,30.0,3881.0,3326.0,0.0,0.0,273.0,0.0,589.0,231.0
2022-09-01 03:58:16-04:00,0.0,376.0,30.0,3890.0,3326.0,0.0,0.0,269.0,0.0,605.0,234.0
2022-09-01 04:06:19-04:00,0.0,375.0,30.0,3976.0,3325.0,0.0,0.0,268.0,0.0,612.0,234.0
2022-09-01 04:13:51-04:00,0.0,375.0,30.0,3979.0,3325.0,0.0,0.0,270.0,0.0,627.0,234.0
2022-09-01 04:20:11-04:00,0.0,375.0,30.0,3917.0,3324.0,0.0,4.0,272.0,0.0,636.0,235.0
2022-09-01 04:28:02-04:00,0.0,374.0,30.0,3871.0,3324.0,0.0,11.0,267.0,0.0,645.0,235.0
2022-09-01 04:36:10-04:00,0.0,372.0,30.0,3946.0,3324.0,0.0,1.0,272.0,0.0,645.0,236.0
2022-09-01 04:37:36-04:00,0.0,372.0,30.0,3968.0,3323.0,0.0,1.0,272.0,0.0,648.0,235.0
2022-09-01 04:45:36-04:00,0.0,373.0,30.0,4053.0,3323.0,0.0,0.0,279.0,0.0,620.0,236.0
2022-09-01 04:53:10-04:00,0.0,375.0,30.0,4099.0,3326.0,0.0,1.0,272.0,0.0,614.0,236.0
2022-09-01 05:01:01-04:00,0.0,376.0,30.0,4102.0,3323.0,0.0,1.0,271.0,0.0,620.0,238.0
2022-09-01 05:09:06-04:00,0.0,379.0,30.0,4418.0,3325.0,0.0,0.0,266.0,0.0,647.0,236.0
2022-09-01 05:16:03-04:00,0.0,377.0,30.0,4433.0,3323.0,0.0,1.0,270.0,0.0,629.0,237.0
2022-09-01 05:22:54-04:00,0.0,376.0,30.0,4515.0,3323.0,0.0,0.0,264.0,0.0,618.0,236.0
2022-09-01 05:29:56-04:00,0.0,378.0,30.0,4636.0,3324.0,0.0,0.0,267.0,0.0,618.0,237.0
2022-09-01 05:39:01-04:00,0.0,377.0,30.0,4845.0,3323.0,0.0,0.0,266.0,0.0,628.0,235.0
2022-09-01 05:46:05-04:00,0.0,378.0,30.0,4867.0,3325.0,0.0,25.0,265.0,0.0,615.0,234.0
2022-09-01 05:55:31-04:00,0.0,378.0,30.0,5172.0,3323.0,0.0,0.0,269.0,0.0,603.0,235.0
2022-09-01 06:03:46-04:00,0.0,393.0,30.0,5184.0,3323.0,0.0,27.0,273.0,0.0,589.0,235.0
2022-09-01 06:08:50-04:00,0.0,403.0,30.0,5207.0,3325.0,0.0,26.0,268.0,0.0,568.0,237.0
2022-09-01 06:16:32-04:00,0.0,403.0,30.0,5484.0,3325.0,0.0,0.0,269.0,0.0,540.0,234.0
2022-09-01 06:23:49-04:00,0.0,400.0,30.0,5533.0,3324.0,0.0,2.0,266.0,2.0,528.0,235.0
2022-09-01 06:27:24-04:00,4.0,400.0,30.0,5501.0,3324.0,0.0,8.0,270.0,3.0,541.0,231.0
2022-09-01 06:31:16-04:00,1.0,404.0,30.0,5639.0,3325.0,0.0,4.0,270.0,5.0,560.0,234.0
2022-09-01 06:37:04-04:00,1.0,402.0,30.0,5824.0,3323.0,0.0,0.0,274.0,8.0,547.0,234.0
2022-09-01 06:46:15-04:00,0.0,402.0,30.0,5881.0,3323.0,0.0,0.0,270.0,13.0,552.0,233.0
2022-09-01 06:46:43-04:00,0.0,402.0,30.0,5881.0,3323.0,0.0,0.0,270.0,13.0,552.0,233.0
2022-09-01 06:56:07-04:00,0.0,400.0,30.0,5929.0,3323.0,0.0,3.0,276.0,24.0,562.0,235.0
2022-09-01 06:58:59-04:00,0.0,403.0,30.0,5890.0,3323.0,0.0,16.0,274.0,28.0,555.0,235.0
2022-09-01 06:59:48-04:00,0.0,400.0,30.0,5834.0,3322.0,0.0,0.0,274.0,28.0,546.0,233.0
2022-09-01 07:08:01-04:00,0.0,411.0,30.0,6122.0,3324.0,0.0,3.0,269.0,38.0,527.0,233.0
2022-09-01 07:17:55-04:00,1.0,406.0,30.0,6288.0,3321.0,0.0,0.0,276.0,51.0,483.0,235.0
2022-09-01 07:23:07-04:00,0.0,404.0,30.0,6254.0,3321.0,0.0,1.0,273.0,68.0,486.0,234.0
2022-09-01 07:33:06-04:00,0.0,404.0,30.0,6243.0,3321.0,0.0,0.0,277.0,95.0,477.0,230.0
2022-09-01 07:42:32-04:00,1.0,399.0,30.0,6206.0,3321.0,0.0,0.0,270.0,125.0,468.0,232.0
2022-09-01 07:46:51-04:00,0.0,399.0,30.0,6243.0,3321.0,0.0,3.0,268.0,138.0,460.0,233.0
2022-09-01 07:54:20-04:00,0.0,374.0,30.0,6335.0,3322.0,0.0,0.0,270.0,160.0,441.0,232.0
2022-09-01 08:06:34-04:00,0.0,376.0,30.0,6476.0,3321.0,0.0,3.0,267.0,192.0,399.0,232.0
2022-09-01 08:17:12-04:00,0.0,376.0,30.0,6494.0,3323.0,0.0,7.0,266.0,230.0,365.0,230.0
2022-09-01 08:21:48-04:00,0.0,375.0,30.0,6468.0,3321.0,0.0,2.0,267.0,243.0,365.0,234.0
2022-09-01 08:32:56-04:00,0.0,376.0,30.0,6429.0,3321.0,0.0,0.0,271.0,250.0,322.0,233.0
2022-09-01 08:35:38-04:00,0.0,379.0,30.0,6417.0,3320.0,0.0,19.0,268.0,265.0,299.0,234.0
2022-09-01 08:45:08-04:00,0.0,376.0,30.0,6466.0,3322.0,0.0,5.0,273.0,279.0,306.0,235.0
2022-09-01 08:50:13-04:00,0.0,375.0,29.0,6426.0,3323.0,0.0,0.0,272.0,295.0,296.0,233.0
2022-09-01 08:57:21-04:00,0.0,377.0,29.0,6355.0,3322.0,0.0,7.0,267.0,314.0,292.0,232.0
2022-09-01 09:07:05-04:00,0.0,363.0,29.0,6382.0,3321.0,0.0,0.0,269.0,346.0,300.0,234.0
2022-09-01 09:16:53-04:00,0.0,374.0,30.0,6420.0,3323.0,0.0,6.0,271.0,381.0,317.0,234.0
2022-09-01 09:22:16-04:00,0.0,372.0,30.0,6376.0,3321.0,0.0,6.0,268.0,336.0,326.0,234.0
2022-09-01 09:26:46-04:00,0.0,374.0,30.0,6490.0,3321.0,0.0,0.0,269.0,341.0,326.0,236.0
2022-09-01 09:31:18-04:00,0.0,374.0,30.0,6399.0,3322.0,0.0,2.0,272.0,357.0,336.0,234.0
2022-09-01 09:40:44-04:00,1.0,373.0,30.0,6365.0,3321.0,0.0,0.0,274.0,390.0,330.0,235.0
2022-09-01 09:46:57-04:00,0.0,373.0,30.0,6451.0,3322.0,0.0,0.0,273.0,366.0,346.0,235.0
2022-09-01 09:50:10-04:00,0.0,373.0,30.0,6451.0,3322.0,0.0,0.0,273.0,366.0,346.0,235.0
2022-09-01 09:52:06-04:00,0.0,372.0,30.0,6651.0,3325.0,0.0,0.0,269.0,378.0,332.0,236.0
2022-09-01 09:53:41-04:00,0.0,372.0,30.0,6651.0,3325.0,0.0,0.0,269.0,378.0,332.0,236.0
2022-09-01 09:55:39-04:00,0.0,371.0,30.0,6507.0,3327.0,0.0,0.0,273.0,401.0,347.0,235.0
2022-09-01 09:57:08-04:00,0.0,371.0,30.0,6507.0,3327.0,0.0,0.0,273.0,401.0,347.0,235.0
2022-09-01 10:06:41-04:00,0.0,409.0,30.0,6316.0,3326.0,0.0,8.0,259.0,415.0,364.0,236.0
2022-09-01 10:10:16-04:00,0.0,409.0,30.0,6316.0,3326.0,0.0,8.0,259.0,415.0,364.0,236.0
2022-09-01 10:11:30-04:00,0.0,405.0,30.0,6443.0,3326.0,0.0,0.0,270.0,460.0,368.0,235.0
2022-09-01 10:19:02-04:00,3.0,406.0,30.0,6278.0,3325.0,0.0,18.0,276.0,455.0,383.0,234.0
2022-09-01 10:23:04-04:00,3.0,406.0,30.0,6278.0,3325.0,0.0,18.0,276.0,455.0,383.0,234.0
2022-09-01 10:25:18-04:00,0.0,405.0,30.0,6353.0,3324.0,0.0,0.0,277.0,469.0,382.0,236.0
2022-09-01 10:32:00-04:00,0.0,402.0,29.0,6318.0,3321.0,0.0,1.0,280.0,461.0,398.0,235.0
2022-09-01 10:35:10-04:00,0.0,402.0,29.0,6318.0,3321.0,0.0,1.0,280.0,461.0,398.0,235.0
2022-09-01 10:36:36-04:00,0.0,406.0,30.0,6288.0,3324.0,0.0,41.0,269.0,466.0,380.0,237.0
2022-09-01 10:38:10-04:00,0.0,405.0,30.0,6296.0,3324.0,0.0,14.0,269.0,464.0,389.0,236.0
2022-09-01 10:44:54-04:00,0.0,407.0,30.0,6545.0,3324.0,0.0,0.0,277.0,445.0,391.0,237.0
2022-09-01 10:47:19-04:00,0.0,407.0,30.0,6545.0,3324.0,0.0,0.0,277.0,445.0,391.0,237.0
2022-09-01 10:52:39-04:00,0.0,406.0,30.0,6378.0,3326.0,0.0,26.0,277.0,443.0,388.0,236.0
2022-09-01 10:56:02-04:00,0.0,414.0,30.0,6461.0,3325.0,0.0,0.0,276.0,448.0,382.0,234.0
2022-09-01 11:06:36-04:00,0.0,415.0,29.0,6725.0,3323.0,0.0,4.0,272.0,442.0,392.0,233.0
2022-09-01 11:15:38-04:00,0.0,416.0,29.0,6778.0,3325.0,0.0,0.0,269.0,439.0,407.0,233.0
2022-09-01 11:25:06-04:00,0.0,413.0,29.0,6886.0,3326.0,0.0,0.0,273.0,432.0,395.0,236.0
2022-09-01 11:34:22-04:00,0.0,417.0,30.0,6974.0,3323.0,0.0,0.0,266.0,473.0,428.0,236.0
2022-09-01 11:35:30-04:00,0.0,417.0,30.0,6974.0,3323.0,0.0,0.0,266.0,473.0,428.0,236.0
2022-09-01 11:38:57-04:00,0.0,414.0,30.0,6857.0,3322.0,0.0,15.0,270.0,466.0,444.0,235.0
2022-09-01 11:49:02-04:00,1.0,415.0,29.0,6906.0,3323.0,0.0,0.0,274.0,443.0,439.0,237.0
2022-09-01 11:51:23-04:00,2.0,415.0,29.0,6927.0,3322.0,0.0,0.0,272.0,471.0,431.0,235.0
2022-09-01 11:56:03-04:00,0.0,419.0,29.0,6772.0,3323.0,0.0,18.0,270.0,488.0,444.0,237.0
2022-09-01 12:01:00-04:00,0.0,419.0,29.0,6833.0,3323.0,0.0,2.0,276.0,446.0,438.0,234.0
2022-09-01 12:01:57-04:00,0.0,419.0,29.0,6833.0,3323.0,0.0,2.0,276.0,446.0,438.0,234.0
2022-09-01 12:06:30-04:00,0.0,419.0,29.0,6687.0,3319.0,0.0,39.0,276.0,467.0,430.0,236.0
2022-09-01 12:16:26-04:00,0.0,421.0,30.0,6870.0,3319.0,0.0,4.0,278.0,446.0,423.0,236.0
2022-09-01 12:24:47-04:00,0.0,421.0,30.0,6955.0,3320.0,0.0,2.0,266.0,475.0,421.0,235.0
2022-09-01 12:33:36-04:00,0.0,421.0,30.0,6966.0,3320.0,0.0,0.0,269.0,444.0,440.0,236.0
2022-09-01 12:37:00-04:00,0.0,423.0,30.0,6980.0,3319.0,0.0,0.0,271.0,463.0,446.0,233.0
2022-09-01 12:46:15-04:00,0.0,421.0,31.0,6860.0,3319.0,0.0,11.0,265.0,453.0,450.0,236.0
2022-09-01 12:53:50-04:00,0.0,423.0,31.0,6991.0,3320.0,0.0,1.0,271.0,485.0,453.0,235.0
2022-09-01 13:03:08-04:00,0.0,423.0,34.0,6863.0,3323.0,0.0,0.0,271.0,471.0,417.0,234.0
2022-09-01 13:03:13-04:00,0.0,423.0,34.0,6863.0,3323.0,0.0,0.0,271.0,471.0,417.0,234.0
2022-09-01 13:12:31-04:00,0.0,456.0,36.0,6754.0,3323.0,0.0,7.0,269.0,486.0,428.0,233.0
2022-09-01 13:16:51-04:00,0.0,458.0,36.0,6797.0,3324.0,0.0,1.0,272.0,463.0,445.0,236.0
2022-09-01 13:27:50-04:00,0.0,473.0,37.0,6855.0,3321.0,0.0,6.0,271.0,434.0,446.0,235.0
2022-09-01 13:38:08-04:00,0.0,476.0,37.0,6878.0,3323.0,0.0,0.0,279.0,434.0,430.0,233.0
2022-09-01 13:48:08-04:00,0.0,475.0,37.0,6971.0,3321.0,0.0,0.0,275.0,395.0,428.0,234.0
2022-09-01 13:59:23-04:00,0.0,472.0,37.0,7053.0,3323.0,0.0,6.0,270.0,375.0,469.0,237.0
2022-09-01 14:09:20-04:00,0.0,479.0,37.0,7140.0,3319.0,0.0,0.0,269.0,430.0,536.0,235.0
2022-09-01 14:19:40-04:00,0.0,479.0,37.0,7244.0,3323.0,0.0,1.0,267.0,442.0,532.0,238.0
2022-09-01 14:24:18-04:00,0.0,477.0,37.0,7432.0,3322.0,0.0,0.0,270.0,399.0,527.0,236.0
2022-09-01 14:31:01-04:00,0.0,480.0,37.0,7630.0,3320.0,0.0,0.0,270.0,409.0,550.0,237.0
2022-09-01 14:38:55-04:00,0.0,482.0,37.0,7580.0,3322.0,0.0,15.0,269.0,412.0,550.0,238.0
2022-09-01 14:49:29-04:00,0.0,480.0,37.0,7713.0,3323.0,0.0,1.0,273.0,456.0,573.0,236.0
2022-09-01 14:52:37-04:00,0.0,488.0,37.0,7776.0,3320.0,0.0,0.0,272.0,454.0,579.0,238.0
2022-09-01 14:53:05-04:00,0.0,488.0,37.0,7776.0,3320.0,0.0,0.0,272.0,454.0,579.0,238.0
2022-09-01 14:58:17-04:00,0.0,484.0,37.0,7743.0,3320.0,0.0,7.0,278.0,430.0,588.0,236.0
2022-09-01 15:08:02-04:00,0.0,735.0,37.0,7581.0,3321.0,0.0,16.0,272.0,399.0,541.0,235.0
2022-09-01 15:16:21-04:00,9.0,811.0,37.0,7705.0,3321.0,0.0,1.0,276.0,449.0,552.0,236.0
2022-09-01 15:25:44-04:00,15.0,812.0,37.0,7845.0,3320.0,0.0,1.0,272.0,412.0,571.0,234.0
2022-09-01 15:41:17-04:00,15.0,811.0,37.0,7849.0,3320.0,0.0,3.0,272.0,408.0,575.0,235.0
2022-09-01 15:48:07-04:00,15.0,811.0,37.0,7849.0,3320.0,0.0,3.0,272.0,408.0,575.0,235.0
2022-09-01 15:58:11-04:00,0.0,1071.0,37.0,8110.0,3319.0,0.0,1.0,275.0,354.0,581.0,234.0
2022-09-01 16:03:56-04:00,1.0,1001.0,37.0,8304.0,3317.0,0.0,1.0,277.0,341.0,627.0,233.0
2022-09-01 16:05:11-04:00,1.0,1001.0,37.0,8329.0,3318.0,0.0,1.0,275.0,329.0,624.0,233.0
2022-09-01 16:07:41-04:00,1.0,1009.0,37.0,8360.0,3318.0,0.0,2.0,274.0,323.0,652.0,231.0
2022-09-01 16:10:06-04:00,4.0,1006.0,37.0,8270.0,3318.0,0.0,21.0,275.0,317.0,640.0,232.0
2022-09-01 16:17:29-04:00,3.0,1004.0,37.0,8394.0,3320.0,0.0,11.0,272.0,287.0,639.0,235.0
2022-09-01 16:27:30-04:00,6.0,998.0,37.0,8517.0,3320.0,0.0,3.0,273.0,290.0,630.0,231.0
2022-09-01 16:38:50-04:00,3.0,997.0,37.0,8665.0,3320.0,0.0,14.0,276.0,277.0,649.0,235.0
2022-09-01 16:46:26-04:00,2.0,1001.0,37.0,8822.0,3320.0,0.0,2.0,273.0,267.0,661.0,231.0
2022-09-01 16:54:23-04:00,5.0,1000.0,37.0,8972.0,3319.0,0.0,2.0,279.0,254.0,671.0,230.0
2022-09-01 17:06:48-04:00,8.0,1188.0,37.0,8945.0,3318.0,0.0,10.0,285.0,228.0,648.0,232.0
2022-09-01 17:11:54-04:00,8.0,1190.0,37.0,9019.0,3318.0,0.0,22.0,277.0,206.0,647.0,229.0
2022-09-01 17:23:35-04:00,7.0,1187.0,37.0,9127.0,3320.0,0.0,10.0,285.0,188.0,671.0,232.0
2022-09-01 17:34:55-04:00,8.0,1317.0,37.0,9152.0,3318.0,0.0,7.0,280.0,152.0,671.0,231.0
2022-09-01 17:42:59-04:00,3.0,1320.0,37.0,9225.0,3319.0,3.0,9.0,280.0,127.0,696.0,229.0
2022-09-01 17:53:47-04:00,3.0,1322.0,37.0,9240.0,3319.0,3.0,10.0,276.0,103.0,677.0,230.0
2022-09-01 18:05:10-04:00,0.0,1293.0,37.0,9305.0,3318.0,3.0,6.0,283.0,74.0,643.0,231.0
2022-09-01 18:09:04-04:00,0.0,1300.0,37.0,9290.0,3320.0,3.0,17.0,277.0,65.0,638.0,232.0
2022-09-01 18:14:41-04:00,0.0,1299.0,37.0,9218.0,3318.0,3.0,16.0,282.0,52.0,635.0,233.0
2022-09-01 18:18:05-04:00,0.0,1300.0,37.0,9217.0,3318.0,3.0,8.0,285.0,46.0,605.0,229.0
2022-09-01 18:20:48-04:00,0.0,1312.0,37.0,9211.0,3321.0,3.0,26.0,284.0,41.0,595.0,231.0
2022-09-01 18:22:08-04:00,0.0,1309.0,37.0,9199.0,3320.0,3.0,20.0,283.0,39.0,603.0,232.0
2022-09-01 18:25:39-04:00,0.0,1312.0,37.0,9199.0,3321.0,3.0,14.0,282.0,35.0,604.0,230.0
2022-09-01 18:33:48-04:00,0.0,1308.0,37.0,9265.0,3320.0,3.0,11.0,282.0,30.0,604.0,231.0
2022-09-01 18:34:10-04:00,0.0,1308.0,37.0,9265.0,3320.0,3.0,11.0,282.0,30.0,604.0,231.0
2022-09-01 18:35:30-04:00,0.0,1304.0,37.0,9337.0,3318.0,3.0,10.0,276.0,23.0,631.0,231.0
2022-09-01 18:37:03-04:00,0.0,1174.0,37.0,9284.0,3318.0,3.0,43.0,276.0,21.0,629.0,231.0
2022-09-01 18:39:35-04:00,0.0,1180.0,37.0,9323.0,3318.0,3.0,13.0,279.0,20.0,635.0,230.0
2022-09-01 18:42:35-04:00,1.0,1171.0,37.0,9270.0,3318.0,3.0,18.0,286.0,17.0,630.0,231.0
2022-09-01 18:46:45-04:00,1.0,1176.0,37.0,9254.0,3318.0,3.0,12.0,283.0,15.0,624.0,230.0
2022-09-01 18:52:09-04:00,0.0,1174.0,37.0,9195.0,3320.0,3.0,18.0,273.0,12.0,632.0,233.0
2022-09-01 18:55:44-04:00,0.0,1173.0,37.0,9186.0,3318.0,3.0,10.0,273.0,10.0,651.0,232.0
2022-09-01 18:57:24-04:00,0.0,1037.0,37.0,9237.0,3318.0,3.0,9.0,276.0,9.0,643.0,232.0
2022-09-01 18:58:59-04:00,0.0,1037.0,37.0,9237.0,3318.0,3.0,9.0,276.0,9.0,643.0,232.0
2022-09-01 19:01:51-04:00,0.0,898.0,37.0,9249.0,3320.0,3.0,12.0,281.0,8.0,651.0,232.0
2022-09-01 19:04:49-04:00,0.0,931.0,37.0,9311.0,3318.0,3.0,10.0,279.0,5.0,652.0,232.0
2022-09-01 19:08:05-04:00,0.0,912.0,38.0,9321.0,3319.0,3.0,9.0,278.0,4.0,647.0,232.0
2022-09-01 19:13:48-04:00,0.0,676.0,37.0,9295.0,3319.0,3.0,33.0,282.0,3.0,639.0,231.0
2022-09-01 19:21:03-04:00,0.0,679.0,37.0,9339.0,3321.0,3.0,9.0,287.0,2.0,635.0,228.0
2022-09-01 19:22:14-04:00,0.0,679.0,37.0,9339.0,3321.0,3.0,9.0,287.0,2.0,635.0,228.0
2022-09-01 19:25:31-04:00,0.0,675.0,37.0,9311.0,3320.0,3.0,9.0,284.0,2.0,631.0,229.0
2022-09-01 19:28:00-04:00,0.0,674.0,37.0,9188.0,3320.0,3.0,19.0,281.0,2.0,630.0,229.0
2022-09-01 19:33:01-04:00,0.0,674.0,37.0,9186.0,3321.0,3.0,7.0,284.0,2.0,645.0,228.0
2022-09-01 19:37:18-04:00,0.0,676.0,37.0,9174.0,3319.0,3.0,12.0,285.0,1.0,661.0,229.0
2022-09-01 19:41:19-04:00,0.0,675.0,37.0,9260.0,3319.0,3.0,5.0,278.0,1.0,671.0,228.0
2022-09-01 19:45:05-04:00,0.0,675.0,37.0,9260.0,3319.0,3.0,5.0,278.0,1.0,671.0,228.0
2022-09-01 19:49:43-04:00,0.0,677.0,37.0,9198.0,3318.0,3.0,19.0,279.0,1.0,668.0,230.0
2022-09-01 19:55:56-04:00,0.0,661.0,37.0,9280.0,3318.0,3.0,3.0,274.0,1.0,657.0,230.0
2022-09-01 19:59:50-04:00,0.0,650.0,38.0,9298.0,3318.0,3.0,2.0,277.0,1.0,638.0,229.0
2022-09-01 20:02:17-04:00,0.0,650.0,38.0,9298.0,3318.0,3.0,2.0,277.0,1.0,638.0,229.0
2022-09-01 20:04:45-04:00,0.0,650.0,38.0,9298.0,3318.0,3.0,2.0,277.0,1.0,638.0,229.0
2022-09-01 20:06:07-04:00,0.0,525.0,38.0,9076.0,3319.0,3.0,3.0,284.0,1.0,625.0,228.0
2022-09-01 20:07:57-04:00,0.0,524.0,37.0,8979.0,3319.0,3.0,3.0,282.0,1.0,623.0,229.0
2022-09-01 20:12:12-04:00,0.0,525.0,38.0,8832.0,3319.0,3.0,23.0,282.0,1.0,631.0,230.0
2022-09-01 20:13:47-04:00,0.0,525.0,38.0,8832.0,3319.0,3.0,23.0,282.0,1.0,631.0,230.0
2022-09-01 20:19:06-04:00,0.0,524.0,38.0,8663.0,3319.0,3.0,34.0,278.0,1.0,632.0,228.0
2022-09-01 20:23:10-04:00,0.0,525.0,38.0,8733.0,3319.0,3.0,2.0,271.0,1.0,631.0,231.0
2022-09-01 20:30:04-04:00,0.0,522.0,37.0,8561.0,3319.0,3.0,3.0,274.0,1.0,640.0,230.0
2022-09-01 20:31:51-04:00,0.0,522.0,37.0,8561.0,3319.0,3.0,3.0,274.0,1.0,640.0,230.0
2022-09-01 20:33:04-04:00,0.0,521.0,38.0,8530.0,3319.0,3.0,2.0,279.0,1.0,632.0,230.0
2022-09-01 20:37:08-04:00,0.0,520.0,37.0,8319.0,3320.0,3.0,10.0,266.0,1.0,639.0,230.0
2022-09-01 20:41:03-04:00,0.0,519.0,38.0,8245.0,3321.0,3.0,6.0,266.0,1.0,651.0,231.0
2022-09-01 20:42:28-04:00,0.0,519.0,38.0,8245.0,3321.0,3.0,6.0,266.0,1.0,651.0,231.0
2022-09-01 20:45:30-04:00,0.0,519.0,38.0,8236.0,3320.0,3.0,5.0,267.0,1.0,665.0,231.0
2022-09-01 20:46:35-04:00,0.0,519.0,38.0,8236.0,3320.0,3.0,5.0,267.0,1.0,665.0,231.0
2022-09-01 20:49:50-04:00,0.0,519.0,38.0,8171.0,3321.0,3.0,13.0,267.0,1.0,667.0,228.0
2022-09-01 20:54:08-04:00,0.0,508.0,38.0,8287.0,3320.0,0.0,1.0,268.0,1.0,666.0,229.0
2022-09-01 20:58:09-04:00,0.0,413.0,37.0,8061.0,3320.0,0.0,29.0,270.0,1.0,649.0,230.0
2022-09-01 21:02:33-04:00,0.0,408.0,37.0,8139.0,3320.0,0.0,1.0,270.0,0.0,647.0,229.0
2022-09-01 21:06:15-04:00,0.0,408.0,37.0,8113.0,3318.0,0.0,1.0,268.0,0.0,634.0,231.0
2022-09-01 21:12:10-04:00,0.0,411.0,38.0,7887.0,3321.0,0.0,4.0,263.0,0.0,634.0,229.0
2022-09-01 21:13:28-04:00,0.0,409.0,37.0,7926.0,3320.0,0.0,1.0,264.0,0.0,625.0,230.0
2022-09-01 21:16:46-04:00,0.0,408.0,37.0,7913.0,3320.0,0.0,1.0,277.0,0.0,618.0,230.0
2022-09-01 21:20:39-04:00,0.0,408.0,38.0,7787.0,3319.0,0.0,1.0,281.0,0.0,605.0,230.0
2022-09-01 21:22:54-04:00,0.0,408.0,38.0,7795.0,3321.0,0.0,1.0,281.0,0.0,601.0,229.0
2022-09-01 21:26:05-04:00,0.0,409.0,38.0,7578.0,3319.0,0.0,13.0,284.0,0.0,611.0,228.0
2022-09-01 21:29:53-04:00,0.0,409.0,38.0,7570.0,3319.0,0.0,10.0,285.0,0.0,600.0,227.0
2022-09-01 21:30:06-04:00,0.0,409.0,38.0,7570.0,3319.0,0.0,10.0,285.0,0.0,600.0,227.0
2022-09-01 21:34:07-04:00,0.0,406.0,38.0,7584.0,3319.0,0.0,1.0,287.0,0.0,606.0,227.0
2022-09-01 21:37:19-04:00,0.0,407.0,37.0,7437.0,3319.0,0.0,16.0,284.0,0.0,607.0,227.0
2022-09-01 21:45:27-04:00,0.0,409.0,37.0,7272.0,3320.0,0.0,13.0,285.0,0.0,605.0,231.0
2022-09-01 21:51:03-04:00,0.0,408.0,38.0,7195.0,3321.0,0.0,1.0,288.0,0.0,606.0,229.0
2022-09-01 21:54:20-04:00,0.0,408.0,38.0,7158.0,3321.0,0.0,1.0,287.0,0.0,596.0,231.0
2022-09-01 21:56:08-04:00,0.0,402.0,38.0,6966.0,3322.0,0.0,21.0,285.0,0.0,597.0,228.0
2022-09-01 22:03:36-04:00,0.0,380.0,38.0,6891.0,3321.0,0.0,1.0,285.0,0.0,585.0,228.0
2022-09-01 22:06:15-04:00,0.0,384.0,38.0,6831.0,3323.0,0.0,15.0,281.0,0.0,588.0,230.0
2022-09-01 22:10:13-04:00,0.0,382.0,38.0,6790.0,3323.0,0.0,1.0,284.0,0.0,591.0,227.0
2022-09-01 22:11:44-04:00,0.0,381.0,38.0,6810.0,3324.0,0.0,1.0,285.0,0.0,601.0,228.0
2022-09-01 22:15:42-04:00,0.0,382.0,38.0,6650.0,3321.0,0.0,18.0,283.0,0.0,597.0,228.0
2022-09-01 22:19:58-04:00,0.0,380.0,36.0,6644.0,3321.0,0.0,1.0,288.0,0.0,583.0,230.0
2022-09-01 22:20:31-04:00,0.0,380.0,36.0,6644.0,3321.0,0.0,1.0,288.0,0.0,583.0,230.0
2022-09-01 22:26:39-04:00,0.0,379.0,33.0,6407.0,3323.0,0.0,6.0,287.0,0.0,589.0,230.0
2022-09-01 22:31:42-04:00,0.0,379.0,33.0,6407.0,3323.0,0.0,6.0,287.0,0.0,589.0,230.0
2022-09-01 22:34:59-04:00,0.0,380.0,33.0,6159.0,3323.0,0.0,2.0,299.0,0.0,592.0,228.0
2022-09-01 22:36:18-04:00,0.0,378.0,33.0,6154.0,3323.0,0.0,4.0,299.0,0.0,628.0,228.0
2022-09-01 22:37:35-04:00,0.0,378.0,33.0,6154.0,3323.0,0.0,4.0,299.0,0.0,628.0,228.0
2022-09-01 22:42:27-04:00,0.0,379.0,33.0,6003.0,3323.0,0.0,14.0,296.0,0.0,632.0,230.0
2022-09-01 22:48:17-04:00,0.0,381.0,33.0,5999.0,3325.0,0.0,1.0,292.0,0.0,625.0,230.0
2022-09-01 22:50:38-04:00,0.0,378.0,32.0,5867.0,3324.0,0.0,1.0,294.0,0.0,617.0,231.0
2022-09-01 22:53:46-04:00,0.0,378.0,32.0,5867.0,3324.0,0.0,1.0,294.0,0.0,617.0,231.0
2022-09-01 22:56:18-04:00,0.0,381.0,32.0,5604.0,3324.0,0.0,43.0,294.0,0.0,611.0,231.0
2022-09-01 22:58:07-04:00,0.0,380.0,33.0,5593.0,3324.0,0.0,2.0,297.0,0.0,608.0,229.0
2022-09-01 23:02:06-04:00,0.0,377.0,33.0,5521.0,3324.0,0.0,1.0,299.0,0.0,614.0,229.0
2022-09-01 23:07:03-04:00,0.0,382.0,33.0,5372.0,3328.0,0.0,1.0,303.0,0.0,613.0,233.0
2022-09-01 23:10:42-04:00,0.0,382.0,33.0,5231.0,3325.0,0.0,3.0,300.0,0.0,613.0,231.0
2022-09-01 23:16:39-04:00,0.0,381.0,33.0,5171.0,3326.0,0.0,1.0,300.0,0.0,612.0,229.0
2022-09-01 23:19:26-04:00,0.0,380.0,33.0,5116.0,3325.0,0.0,1.0,301.0,0.0,611.0,230.0
2022-09-01 23:21:09-04:00,0.0,379.0,33.0,5056.0,3325.0,0.0,0.0,303.0,0.0,609.0,230.0
2022-09-01 23:22:31-04:00,0.0,380.0,33.0,4977.0,3328.0,0.0,23.0,303.0,0.0,606.0,230.0
2022-09-01 23:25:57-04:00,0.0,379.0,33.0,4830.0,3325.0,0.0,20.0,298.0,0.0,605.0,226.0
2022-09-01 23:29:26-04:00,0.0,377.0,33.0,4904.0,3326.0,0.0,0.0,294.0,0.0,608.0,225.0
2022-09-01 23:29:53-04:00,0.0,377.0,33.0,4904.0,3326.0,0.0,0.0,294.0,0.0,608.0,225.0
2022-09-01 23:31:23-04:00,0.0,378.0,33.0,4935.0,3325.0,0.0,0.0,293.0,0.0,612.0,225.0
2022-09-01 23:33:57-04:00,0.0,378.0,33.0,4935.0,3325.0,0.0,0.0,293.0,0.0,612.0,225.0
2022-09-01 23:37:00-04:00,0.0,379.0,33.0,4496.0,3325.0,0.0,20.0,292.0,0.0,626.0,227.0
2022-09-01 23:40:43-04:00,0.0,377.0,33.0,4465.0,3324.0,0.0,12.0,294.0,0.0,632.0,229.0
2022-09-01 23:43:57-04:00,0.0,379.0,33.0,4465.0,3324.0,0.0,0.0,298.0,0.0,636.0,230.0
2022-09-01 23:47:42-04:00,0.0,375.0,33.0,4323.0,3324.0,0.0,0.0,301.0,0.0,652.0,229.0
2022-09-01 23:54:08-04:00,0.0,372.0,33.0,4348.0,3323.0,0.0,0.0,297.0,0.0,633.0,224.0
2022-09-01 23:54:51-04:00,0.0,372.0,33.0,4348.0,3323.0,0.0,0.0,297.0,0.0,633.0,224.0
2022-09-01 23:57:38-04:00,0.0,371.0,33.0,4274.0,3324.0,0.0,5.0,297.0,0.0,632.0,224.0
2022-09-01 23:59:10-04:00,0.0,372.0,33.0,4335.0,3324.0,0.0,0.0,295.0,0.0,628.0,221.0
