Time,Coal,Hydro,Landfill Gas,Natural Gas,Nuclear,Oil,Other,Refuse,Solar,Wind,Wood
2022-03-01 00:02:39-05:00,353.0,890.0,31.0,4087.0,3348.0,170.0,24.0,299.0,0.0,615.0,320.0
2022-03-01 00:14:40-05:00,354.0,892.0,31.0,3949.0,3350.0,170.0,14.0,310.0,0.0,581.0,322.0
2022-03-01 00:21:01-05:00,351.0,882.0,31.0,3956.0,3348.0,169.0,5.0,303.0,0.0,529.0,317.0
2022-03-01 00:29:06-05:00,352.0,887.0,31.0,3721.0,3349.0,169.0,41.0,300.0,0.0,474.0,319.0
2022-03-01 00:32:40-05:00,353.0,886.0,31.0,3733.0,3350.0,169.0,8.0,297.0,0.0,460.0,317.0
2022-03-01 00:33:25-05:00,353.0,886.0,31.0,3733.0,3350.0,169.0,8.0,297.0,0.0,460.0,317.0
2022-03-01 00:37:31-05:00,353.0,888.0,31.0,3738.0,3350.0,168.0,5.0,304.0,0.0,445.0,319.0
2022-03-01 00:39:49-05:00,354.0,887.0,31.0,3696.0,3348.0,169.0,6.0,305.0,0.0,434.0,319.0
2022-03-01 00:46:58-05:00,353.0,889.0,31.0,3703.0,3348.0,168.0,5.0,296.0,0.0,417.0,319.0
2022-03-01 00:52:59-05:00,350.0,886.0,31.0,3743.0,3347.0,169.0,5.0,300.0,0.0,400.0,318.0
2022-03-01 01:00:40-05:00,353.0,845.0,30.0,3955.0,3352.0,169.0,5.0,311.0,0.0,380.0,320.0
2022-03-01 01:07:38-05:00,352.0,842.0,30.0,3986.0,3347.0,168.0,15.0,301.0,0.0,356.0,313.0
2022-03-01 01:16:24-05:00,352.0,839.0,30.0,3905.0,3352.0,168.0,5.0,315.0,0.0,348.0,316.0
2022-03-01 01:22:18-05:00,362.0,841.0,30.0,3854.0,3352.0,168.0,5.0,309.0,0.0,354.0,314.0
2022-03-01 01:30:14-05:00,369.0,831.0,30.0,3703.0,3350.0,168.0,15.0,309.0,0.0,368.0,315.0
2022-03-01 01:39:01-05:00,370.0,829.0,30.0,3696.0,3348.0,169.0,5.0,315.0,0.0,379.0,316.0
2022-03-01 01:52:05-05:00,371.0,820.0,28.0,3633.0,3349.0,168.0,5.0,310.0,0.0,388.0,315.0
2022-03-01 01:56:44-05:00,367.0,821.0,23.0,3826.0,3349.0,168.0,5.0,310.0,0.0,396.0,312.0
2022-03-01 02:05:36-05:00,371.0,821.0,23.0,3755.0,3350.0,168.0,24.0,310.0,0.0,385.0,312.0
2022-03-01 02:21:23-05:00,370.0,822.0,22.0,3825.0,3352.0,168.0,5.0,316.0,0.0,372.0,318.0
2022-03-01 02:35:19-05:00,376.0,817.0,23.0,3799.0,3348.0,169.0,7.0,315.0,0.0,367.0,317.0
2022-03-01 02:45:23-05:00,379.0,816.0,23.0,3821.0,3352.0,168.0,5.0,326.0,0.0,354.0,316.0
2022-03-01 02:51:27-05:00,381.0,812.0,28.0,3818.0,3350.0,168.0,5.0,332.0,0.0,360.0,316.0
2022-03-01 03:06:30-05:00,384.0,815.0,30.0,3839.0,3352.0,168.0,10.0,334.0,0.0,328.0,320.0
2022-03-01 03:17:50-05:00,381.0,813.0,30.0,3910.0,3348.0,168.0,6.0,341.0,0.0,305.0,321.0
2022-03-01 03:27:27-05:00,387.0,812.0,30.0,3899.0,3352.0,168.0,15.0,342.0,0.0,287.0,315.0
2022-03-01 03:40:27-05:00,382.0,813.0,30.0,3984.0,3352.0,169.0,5.0,343.0,0.0,291.0,314.0
2022-03-01 03:50:54-05:00,383.0,812.0,30.0,3969.0,3355.0,168.0,8.0,341.0,0.0,308.0,321.0
2022-03-01 03:57:00-05:00,384.0,822.0,30.0,3933.0,3358.0,168.0,18.0,340.0,0.0,309.0,321.0
2022-03-01 04:07:19-05:00,384.0,882.0,30.0,3930.0,3358.0,172.0,5.0,334.0,0.0,277.0,317.0
2022-03-01 04:17:45-05:00,382.0,881.0,30.0,4030.0,3358.0,169.0,5.0,324.0,0.0,275.0,319.0
2022-03-01 04:20:32-05:00,383.0,881.0,30.0,4051.0,3358.0,170.0,6.0,332.0,0.0,268.0,318.0
2022-03-01 04:29:52-05:00,381.0,880.0,30.0,4058.0,3355.0,170.0,7.0,326.0,0.0,262.0,321.0
2022-03-01 04:36:18-05:00,382.0,881.0,30.0,4136.0,3355.0,170.0,15.0,316.0,0.0,264.0,317.0
2022-03-01 04:52:16-05:00,379.0,883.0,30.0,4291.0,3353.0,170.0,7.0,304.0,0.0,253.0,316.0
2022-03-01 05:00:13-05:00,381.0,1308.0,30.0,4213.0,3358.0,170.0,6.0,302.0,0.0,248.0,315.0
2022-03-01 05:07:51-05:00,383.0,1339.0,30.0,4156.0,3353.0,170.0,43.0,305.0,0.0,251.0,318.0
2022-03-01 05:15:18-05:00,381.0,1343.0,30.0,4422.0,3352.0,171.0,6.0,303.0,0.0,260.0,316.0
2022-03-01 05:24:55-05:00,381.0,1347.0,30.0,4451.0,3350.0,171.0,19.0,293.0,0.0,250.0,318.0
2022-03-01 05:36:51-05:00,381.0,1339.0,30.0,4737.0,3352.0,172.0,6.0,298.0,0.0,236.0,320.0
2022-03-01 05:45:22-05:00,380.0,1343.0,30.0,5030.0,3349.0,171.0,7.0,305.0,0.0,233.0,317.0
2022-03-01 05:52:58-05:00,382.0,1343.0,30.0,5100.0,3348.0,171.0,16.0,300.0,0.0,224.0,315.0
2022-03-01 05:56:03-05:00,380.0,1340.0,30.0,5159.0,3349.0,171.0,16.0,298.0,0.0,224.0,317.0
2022-03-01 06:01:03-05:00,379.0,1519.0,30.0,5339.0,3352.0,171.0,8.0,304.0,0.0,216.0,317.0
2022-03-01 06:08:13-05:00,382.0,1726.0,30.0,5507.0,3352.0,172.0,23.0,309.0,0.0,197.0,315.0
2022-03-01 06:14:19-05:00,391.0,1710.0,31.0,5672.0,3352.0,171.0,9.0,306.0,0.0,193.0,317.0
2022-03-01 06:21:59-05:00,398.0,1711.0,31.0,5686.0,3352.0,171.0,18.0,310.0,0.0,189.0,320.0
2022-03-01 06:26:15-05:00,402.0,1706.0,31.0,5741.0,3352.0,171.0,9.0,312.0,1.0,192.0,314.0
2022-03-01 06:27:37-05:00,405.0,1707.0,31.0,5760.0,3350.0,171.0,9.0,310.0,1.0,188.0,315.0
2022-03-01 06:32:50-05:00,404.0,1936.0,31.0,5626.0,3353.0,171.0,47.0,308.0,3.0,193.0,320.0
2022-03-01 06:33:03-05:00,404.0,1936.0,31.0,5626.0,3353.0,171.0,47.0,308.0,3.0,193.0,320.0
2022-03-01 06:38:20-05:00,311.0,2008.0,31.0,5978.0,3350.0,171.0,11.0,313.0,7.0,188.0,321.0
2022-03-01 06:45:46-05:00,310.0,2101.0,31.0,6041.0,3353.0,187.0,33.0,305.0,14.0,178.0,319.0
2022-03-01 06:51:45-05:00,309.0,2104.0,31.0,6251.0,3350.0,208.0,11.0,300.0,21.0,181.0,318.0
2022-03-01 06:57:02-05:00,310.0,2334.0,31.0,6263.0,3350.0,232.0,10.0,306.0,28.0,185.0,319.0
2022-03-01 06:59:17-05:00,312.0,2332.0,31.0,6286.0,3352.0,237.0,10.0,307.0,31.0,187.0,320.0
2022-03-01 07:02:20-05:00,312.0,2332.0,31.0,6286.0,3352.0,237.0,10.0,307.0,31.0,187.0,320.0
2022-03-01 07:03:51-05:00,313.0,2195.0,31.0,6297.0,3354.0,222.0,45.0,310.0,40.0,199.0,321.0
2022-03-01 07:05:08-05:00,311.0,2296.0,31.0,6325.0,3348.0,218.0,46.0,312.0,42.0,200.0,319.0
2022-03-01 07:16:12-05:00,310.0,2380.0,31.0,6577.0,3354.0,248.0,10.0,328.0,57.0,194.0,319.0
2022-03-01 07:23:09-05:00,309.0,2303.0,31.0,6547.0,3354.0,268.0,16.0,335.0,57.0,177.0,318.0
2022-03-01 07:26:04-05:00,310.0,2307.0,31.0,6574.0,3352.0,273.0,15.0,332.0,62.0,179.0,319.0
2022-03-01 07:34:12-05:00,308.0,2287.0,30.0,6567.0,3352.0,262.0,19.0,332.0,72.0,180.0,319.0
2022-03-01 07:43:11-05:00,309.0,2245.0,31.0,6617.0,3352.0,238.0,10.0,338.0,91.0,190.0,317.0
2022-03-01 07:53:27-05:00,312.0,2238.0,31.0,6672.0,3352.0,199.0,8.0,329.0,98.0,194.0,321.0
2022-03-01 07:58:58-05:00,311.0,2063.0,31.0,6671.0,3354.0,180.0,8.0,323.0,107.0,197.0,317.0
2022-03-01 08:04:25-05:00,310.0,1965.0,31.0,6706.0,3352.0,161.0,6.0,328.0,99.0,201.0,315.0
2022-03-01 08:08:31-05:00,311.0,1915.0,31.0,6639.0,3352.0,158.0,12.0,324.0,104.0,200.0,315.0
2022-03-01 08:12:52-05:00,312.0,1820.0,31.0,6596.0,3350.0,163.0,34.0,323.0,108.0,201.0,320.0
2022-03-01 08:21:10-05:00,309.0,1791.0,31.0,6631.0,3350.0,166.0,6.0,335.0,120.0,206.0,316.0
2022-03-01 08:31:39-05:00,310.0,1751.0,31.0,6519.0,3350.0,167.0,7.0,339.0,138.0,204.0,319.0
2022-03-01 08:39:37-05:00,311.0,1746.0,31.0,6451.0,3350.0,167.0,6.0,344.0,148.0,201.0,319.0
2022-03-01 08:45:26-05:00,310.0,1533.0,31.0,6514.0,3350.0,168.0,36.0,346.0,163.0,204.0,320.0
2022-03-01 08:53:39-05:00,310.0,1530.0,31.0,6556.0,3350.0,168.0,11.0,342.0,167.0,211.0,320.0
2022-03-01 08:58:45-05:00,309.0,1369.0,32.0,6559.0,3348.0,167.0,27.0,342.0,163.0,209.0,320.0
2022-03-01 09:01:27-05:00,310.0,1363.0,32.0,6605.0,3348.0,168.0,6.0,341.0,167.0,203.0,323.0
2022-03-01 09:02:47-05:00,310.0,1368.0,32.0,6619.0,3348.0,168.0,6.0,341.0,165.0,205.0,323.0
2022-03-01 09:06:27-05:00,309.0,1384.0,33.0,6711.0,3350.0,167.0,7.0,342.0,166.0,206.0,320.0
2022-03-01 09:11:28-05:00,309.0,1365.0,33.0,6746.0,3352.0,147.0,7.0,337.0,165.0,206.0,322.0
2022-03-01 09:16:22-05:00,309.0,1354.0,33.0,6714.0,3354.0,134.0,5.0,336.0,164.0,208.0,318.0
2022-03-01 09:24:01-05:00,310.0,1360.0,32.0,6667.0,3352.0,109.0,11.0,326.0,170.0,220.0,317.0
2022-03-01 09:32:50-05:00,308.0,1364.0,32.0,6760.0,3352.0,92.0,5.0,330.0,172.0,230.0,317.0
2022-03-01 09:42:46-05:00,309.0,1367.0,32.0,6728.0,3350.0,68.0,5.0,335.0,178.0,222.0,315.0
2022-03-01 09:49:53-05:00,310.0,1365.0,32.0,6675.0,3350.0,55.0,18.0,331.0,178.0,217.0,317.0
2022-03-01 09:55:15-05:00,309.0,1313.0,32.0,6792.0,3352.0,48.0,8.0,328.0,167.0,217.0,319.0
2022-03-01 10:04:40-05:00,310.0,1117.0,32.0,7107.0,3350.0,0.0,15.0,330.0,167.0,240.0,319.0
2022-03-01 10:12:06-05:00,311.0,1109.0,32.0,7155.0,3352.0,0.0,7.0,334.0,161.0,248.0,321.0
2022-03-01 10:15:05-05:00,310.0,1110.0,32.0,7160.0,3352.0,0.0,6.0,334.0,166.0,245.0,320.0
2022-03-01 10:26:30-05:00,309.0,1106.0,32.0,7219.0,3352.0,0.0,5.0,337.0,169.0,269.0,318.0
2022-03-01 10:36:28-05:00,311.0,1342.0,33.0,7003.0,3350.0,0.0,5.0,340.0,173.0,273.0,323.0
2022-03-01 10:42:44-05:00,307.0,1350.0,33.0,6931.0,3352.0,0.0,5.0,339.0,172.0,284.0,323.0
2022-03-01 10:51:06-05:00,307.0,1216.0,33.0,7101.0,3354.0,0.0,5.0,334.0,165.0,300.0,317.0
2022-03-01 10:59:55-05:00,308.0,1196.0,33.0,7122.0,3352.0,0.0,5.0,332.0,175.0,324.0,316.0
2022-03-01 11:08:00-05:00,307.0,1201.0,33.0,7086.0,3352.0,0.0,10.0,334.0,170.0,322.0,316.0
2022-03-01 11:14:51-05:00,308.0,1200.0,33.0,7111.0,3350.0,0.0,5.0,336.0,172.0,356.0,319.0
2022-03-01 11:23:38-05:00,307.0,1197.0,33.0,7034.0,3354.0,0.0,7.0,337.0,168.0,350.0,316.0
2022-03-01 11:29:14-05:00,307.0,1197.0,33.0,7053.0,3354.0,0.0,5.0,330.0,169.0,338.0,315.0
2022-03-01 11:36:19-05:00,308.0,1046.0,33.0,7201.0,3352.0,0.0,5.0,332.0,172.0,336.0,316.0
2022-03-01 11:43:20-05:00,308.0,1049.0,33.0,7233.0,3350.0,0.0,5.0,325.0,158.0,278.0,320.0
2022-03-01 12:00:08-05:00,309.0,1049.0,33.0,7209.0,3352.0,0.0,8.0,332.0,149.0,281.0,319.0
2022-03-01 12:01:57-05:00,309.0,1090.0,33.0,7192.0,3352.0,0.0,5.0,329.0,151.0,309.0,321.0
2022-03-01 12:11:31-05:00,309.0,1087.0,33.0,7002.0,3352.0,0.0,8.0,327.0,146.0,317.0,319.0
2022-03-01 12:21:03-05:00,309.0,1090.0,32.0,6951.0,3352.0,0.0,5.0,331.0,150.0,335.0,319.0
2022-03-01 12:31:13-05:00,311.0,1089.0,32.0,6954.0,3349.0,0.0,5.0,328.0,146.0,362.0,320.0
2022-03-01 12:40:53-05:00,310.0,885.0,33.0,7071.0,3347.0,0.0,7.0,326.0,141.0,377.0,318.0
2022-03-01 12:46:48-05:00,312.0,886.0,33.0,7106.0,3350.0,0.0,8.0,330.0,137.0,381.0,318.0
2022-03-01 12:56:43-05:00,308.0,883.0,33.0,7126.0,3352.0,0.0,5.0,334.0,131.0,398.0,318.0
2022-03-01 13:03:32-05:00,309.0,886.0,33.0,7130.0,3352.0,0.0,6.0,333.0,138.0,432.0,319.0
2022-03-01 13:13:53-05:00,310.0,883.0,33.0,7125.0,3352.0,0.0,5.0,333.0,131.0,441.0,319.0
2022-03-01 13:22:24-05:00,309.0,901.0,33.0,7033.0,3352.0,0.0,5.0,329.0,129.0,465.0,316.0
2022-03-01 13:32:45-05:00,310.0,896.0,33.0,6978.0,3350.0,0.0,5.0,327.0,123.0,462.0,317.0
2022-03-01 13:40:22-05:00,309.0,905.0,33.0,6934.0,3352.0,0.0,5.0,322.0,123.0,435.0,314.0
2022-03-01 13:52:31-05:00,310.0,902.0,33.0,6910.0,3352.0,0.0,5.0,308.0,119.0,439.0,313.0
2022-03-01 14:01:59-05:00,308.0,902.0,33.0,6833.0,3352.0,0.0,5.0,308.0,124.0,461.0,316.0
2022-03-01 14:08:52-05:00,309.0,908.0,33.0,6741.0,3352.0,0.0,13.0,318.0,122.0,454.0,317.0
2022-03-01 14:16:33-05:00,310.0,904.0,33.0,6824.0,3352.0,0.0,5.0,317.0,126.0,429.0,316.0
2022-03-01 14:24:37-05:00,309.0,899.0,33.0,6826.0,3352.0,0.0,5.0,322.0,119.0,410.0,317.0
2022-03-01 14:33:19-05:00,310.0,903.0,33.0,6817.0,3350.0,0.0,9.0,317.0,107.0,423.0,316.0
2022-03-01 14:43:54-05:00,310.0,899.0,33.0,6867.0,3352.0,0.0,11.0,318.0,85.0,427.0,312.0
2022-03-01 14:48:07-05:00,309.0,897.0,33.0,6923.0,3352.0,0.0,5.0,315.0,83.0,414.0,312.0
2022-03-01 14:55:13-05:00,309.0,896.0,33.0,6912.0,3350.0,0.0,13.0,311.0,73.0,436.0,312.0
2022-03-01 15:05:28-05:00,311.0,856.0,32.0,7062.0,3349.0,0.0,5.0,311.0,65.0,453.0,315.0
2022-03-01 15:11:36-05:00,310.0,856.0,32.0,7057.0,3352.0,0.0,5.0,313.0,61.0,485.0,313.0
2022-03-01 15:19:12-05:00,311.0,860.0,33.0,7106.0,3350.0,0.0,5.0,307.0,57.0,508.0,308.0
2022-03-01 15:28:50-05:00,310.0,865.0,32.0,7092.0,3353.0,0.0,12.0,313.0,52.0,505.0,316.0
2022-03-01 15:38:03-05:00,309.0,866.0,33.0,7166.0,3353.0,0.0,5.0,315.0,49.0,505.0,314.0
2022-03-01 15:48:52-05:00,308.0,866.0,32.0,7296.0,3352.0,0.0,7.0,315.0,40.0,518.0,318.0
2022-03-01 15:58:11-05:00,308.0,869.0,33.0,7482.0,3352.0,0.0,8.0,314.0,37.0,500.0,312.0
2022-03-01 16:18:36-05:00,306.0,880.0,32.0,7745.0,3350.0,0.0,8.0,307.0,26.0,479.0,314.0
2022-03-01 16:26:17-05:00,309.0,878.0,33.0,7720.0,3355.0,0.0,21.0,304.0,19.0,495.0,316.0
2022-03-01 16:33:49-05:00,307.0,877.0,32.0,7637.0,3345.0,0.0,9.0,299.0,15.0,496.0,316.0
2022-03-01 16:36:18-05:00,307.0,877.0,31.0,7726.0,3350.0,0.0,9.0,305.0,15.0,480.0,316.0
2022-03-01 16:43:10-05:00,307.0,1016.0,30.0,7834.0,3350.0,0.0,8.0,305.0,11.0,449.0,314.0
2022-03-01 16:54:36-05:00,309.0,1015.0,30.0,7805.0,3352.0,0.0,43.0,300.0,8.0,455.0,310.0
2022-03-01 17:03:09-05:00,307.0,1218.0,30.0,7950.0,3350.0,0.0,17.0,304.0,5.0,470.0,314.0
2022-03-01 17:11:06-05:00,310.0,1220.0,30.0,7597.0,3352.0,0.0,55.0,308.0,3.0,477.0,317.0
2022-03-01 17:11:30-05:00,310.0,1220.0,30.0,7597.0,3352.0,0.0,55.0,308.0,3.0,477.0,317.0
2022-03-01 17:19:37-05:00,307.0,1217.0,30.0,7868.0,3353.0,0.0,16.0,308.0,2.0,457.0,314.0
2022-03-01 17:23:24-05:00,308.0,1216.0,30.0,7915.0,3352.0,0.0,16.0,309.0,1.0,441.0,315.0
2022-03-01 17:28:01-05:00,309.0,1212.0,30.0,8038.0,3349.0,0.0,16.0,310.0,1.0,423.0,313.0
2022-03-01 17:35:00-05:00,307.0,1370.0,30.0,8060.0,3350.0,0.0,21.0,310.0,1.0,416.0,313.0
2022-03-01 17:36:44-05:00,309.0,1365.0,30.0,8058.0,3348.0,0.0,20.0,308.0,1.0,424.0,314.0
2022-03-01 17:38:08-05:00,309.0,1365.0,30.0,8064.0,3350.0,0.0,53.0,311.0,1.0,427.0,315.0
2022-03-01 17:55:03-05:00,309.0,1403.0,30.0,8178.0,3352.0,0.0,23.0,320.0,1.0,425.0,314.0
2022-03-01 18:00:00-05:00,308.0,1380.0,30.0,8146.0,3352.0,0.0,14.0,323.0,1.0,413.0,311.0
2022-03-01 18:08:58-05:00,309.0,1377.0,30.0,8123.0,3352.0,0.0,10.0,324.0,1.0,440.0,312.0
2022-03-01 18:14:00-05:00,311.0,1363.0,30.0,8085.0,3350.0,0.0,18.0,322.0,1.0,439.0,316.0
2022-03-01 18:22:06-05:00,310.0,1355.0,30.0,8130.0,3350.0,0.0,9.0,326.0,1.0,425.0,316.0
2022-03-01 18:32:13-05:00,307.0,1351.0,30.0,8094.0,3354.0,0.0,18.0,327.0,1.0,433.0,317.0
2022-03-01 18:36:59-05:00,309.0,1363.0,30.0,8010.0,3350.0,0.0,10.0,322.0,1.0,425.0,318.0
2022-03-01 18:45:13-05:00,308.0,1361.0,30.0,7922.0,3350.0,0.0,19.0,323.0,1.0,430.0,318.0
2022-03-01 18:53:40-05:00,309.0,1361.0,30.0,7883.0,3352.0,0.0,9.0,313.0,1.0,421.0,316.0
2022-03-01 18:59:55-05:00,309.0,1211.0,30.0,7871.0,3352.0,0.0,8.0,316.0,1.0,440.0,317.0
2022-03-01 19:04:08-05:00,308.0,1213.0,30.0,7914.0,3350.0,0.0,18.0,313.0,1.0,448.0,316.0
2022-03-01 19:09:53-05:00,309.0,1219.0,30.0,7860.0,3350.0,0.0,10.0,308.0,1.0,462.0,318.0
2022-03-01 19:15:35-05:00,309.0,1213.0,30.0,7867.0,3352.0,0.0,6.0,307.0,1.0,466.0,314.0
2022-03-01 19:27:12-05:00,309.0,1217.0,30.0,7833.0,3352.0,0.0,6.0,316.0,1.0,476.0,320.0
2022-03-01 19:36:29-05:00,309.0,1215.0,30.0,7695.0,3350.0,0.0,6.0,322.0,1.0,493.0,316.0
2022-03-01 19:54:40-05:00,307.0,1219.0,30.0,7518.0,3350.0,0.0,7.0,316.0,1.0,514.0,319.0
2022-03-01 19:58:26-05:00,309.0,930.0,30.0,7446.0,3350.0,0.0,36.0,320.0,1.0,522.0,315.0
2022-03-01 19:59:28-05:00,309.0,924.0,30.0,7452.0,3352.0,0.0,36.0,319.0,1.0,529.0,313.0
2022-03-01 20:00:35-05:00,310.0,924.0,30.0,7466.0,3348.0,0.0,36.0,320.0,1.0,525.0,312.0
2022-03-01 20:09:55-05:00,309.0,934.0,30.0,7516.0,3348.0,0.0,5.0,323.0,0.0,530.0,314.0
2022-03-01 20:21:57-05:00,310.0,936.0,30.0,7338.0,3352.0,0.0,6.0,328.0,0.0,528.0,313.0
2022-03-01 20:25:07-05:00,310.0,938.0,30.0,7328.0,3355.0,0.0,6.0,331.0,0.0,530.0,315.0
2022-03-01 20:29:44-05:00,310.0,935.0,30.0,7158.0,3352.0,0.0,20.0,330.0,0.0,537.0,315.0
2022-03-01 20:36:44-05:00,309.0,935.0,30.0,7137.0,3350.0,0.0,5.0,328.0,0.0,530.0,317.0
2022-03-01 20:53:51-05:00,309.0,937.0,30.0,6956.0,3352.0,0.0,6.0,335.0,0.0,551.0,316.0
2022-03-01 20:56:03-05:00,309.0,933.0,30.0,6933.0,3350.0,0.0,4.0,334.0,0.0,543.0,317.0
2022-03-01 20:59:49-05:00,307.0,903.0,30.0,6945.0,3352.0,0.0,0.0,330.0,0.0,543.0,317.0
2022-03-01 21:01:15-05:00,309.0,884.0,30.0,6732.0,3350.0,0.0,36.0,326.0,0.0,552.0,317.0
2022-03-01 21:06:22-05:00,310.0,884.0,30.0,6680.0,3348.0,0.0,7.0,324.0,0.0,557.0,316.0
2022-03-01 21:09:05-05:00,310.0,884.0,30.0,6624.0,3347.0,0.0,2.0,325.0,0.0,564.0,316.0
2022-03-01 21:14:40-05:00,308.0,882.0,30.0,6425.0,3348.0,0.0,16.0,319.0,0.0,556.0,314.0
2022-03-01 21:22:22-05:00,308.0,888.0,30.0,6238.0,3350.0,0.0,23.0,324.0,0.0,558.0,312.0
2022-03-01 21:37:21-05:00,306.0,882.0,30.0,6008.0,3348.0,0.0,0.0,321.0,0.0,554.0,314.0
2022-03-01 21:53:58-05:00,307.0,889.0,30.0,5843.0,3350.0,0.0,0.0,324.0,0.0,557.0,309.0
2022-03-01 21:58:30-05:00,304.0,884.0,30.0,5857.0,3350.0,0.0,0.0,326.0,0.0,566.0,315.0
2022-03-01 22:03:17-05:00,303.0,882.0,30.0,5692.0,3347.0,0.0,1.0,324.0,0.0,559.0,314.0
2022-03-01 22:07:22-05:00,305.0,884.0,30.0,5425.0,3348.0,0.0,4.0,323.0,0.0,556.0,314.0
2022-03-01 22:17:32-05:00,303.0,881.0,30.0,5260.0,3350.0,0.0,3.0,329.0,0.0,566.0,311.0
2022-03-01 22:39:41-05:00,286.0,881.0,30.0,4872.0,3353.0,0.0,1.0,324.0,0.0,559.0,316.0
2022-03-01 22:50:53-05:00,282.0,879.0,30.0,4821.0,3352.0,0.0,0.0,313.0,0.0,567.0,313.0
2022-03-01 22:53:48-05:00,278.0,880.0,30.0,4768.0,3350.0,0.0,0.0,314.0,0.0,565.0,312.0
2022-03-01 22:57:29-05:00,267.0,906.0,30.0,4653.0,3352.0,0.0,0.0,312.0,0.0,565.0,310.0
2022-03-01 23:07:24-05:00,269.0,904.0,30.0,4652.0,3350.0,0.0,0.0,311.0,0.0,555.0,311.0
2022-03-01 23:10:13-05:00,262.0,950.0,29.0,4572.0,3352.0,0.0,16.0,319.0,0.0,564.0,310.0
2022-03-01 23:11:36-05:00,257.0,953.0,30.0,4573.0,3352.0,0.0,2.0,321.0,0.0,558.0,311.0
2022-03-01 23:23:34-05:00,212.0,949.0,30.0,4458.0,3352.0,0.0,0.0,307.0,0.0,564.0,312.0
2022-03-01 23:37:11-05:00,156.0,950.0,30.0,4272.0,3350.0,0.0,5.0,313.0,0.0,555.0,314.0
2022-03-01 23:38:52-05:00,150.0,950.0,29.0,4268.0,3350.0,0.0,4.0,313.0,0.0,557.0,310.0
2022-03-01 23:41:09-05:00,144.0,951.0,29.0,4231.0,3350.0,0.0,4.0,311.0,0.0,562.0,310.0
2022-03-01 23:51:09-05:00,120.0,950.0,30.0,4199.0,3352.0,0.0,3.0,305.0,0.0,561.0,313.0
2022-03-01 23:55:07-05:00,111.0,950.0,29.0,4200.0,3352.0,0.0,3.0,308.0,0.0,554.0,315.0
