State,Avg Price (cent/kWh),Net Summer Capcity (MW),Net Generation (MWh),Total Retail Sales (MWh),State ISO
alabama,10.18,28911.0,142733330.0,85585166.0,
alaska,20.02,2774.0,6595818.0,5969339.0,
arizona,10.73,27596.0,108604620.0,81219990.0,
arkansas,9.1,14832.0,61100068.0,48663142.0,
california,19.65,81184.0,197165106.0,247249865.0,CAISO
colorado,10.9,18296.0,56838472.0,56351209.0,
connecticut,18.32,10112.0,44079943.0,27737606.0,ISONE
delaware,10.5,3273.0,4305126.0,11479655.0,
districtofcolumbia,12.81,48.0,211067.0,10083372.0,
florida,10.67,64610.0,246450375.0,241562082.0,
georgia,10.43,38250.0,124200528.0,137363952.0,
hawaii,30.31,3013.0,9181831.0,8936482.0,
idaho,8.17,5076.0,16836473.0,25285616.0,
illinois,10.14,45879.0,181524459.0,135688833.0,
indiana,10.36,26842.0,94164796.0,99740046.0,
iowa,9.13,21771.0,67207008.0,52893269.0,
kansas,10.47,18432.0,56630703.0,40491786.0,
kentucky,9.12,17583.0,69908411.0,74516986.0,
louisiana,8.82,24866.0,98715313.0,90819346.0,
maine,13.96,5026.0,10908144.0,11584674.0,ISONE
maryland,11.48,13006.0,38235713.0,59303974.0,
massachusetts,19.06,12747.0,19477347.0,50798388.0,ISONE
michigan,12.93,30141.0,115513130.0,99813281.0,
minnesota,11.08,18286.0,59195769.0,66589168.0,
mississippi,9.5,14605.0,67723497.0,48015364.0,
missouri,9.85,21835.0,76941410.0,77763041.0,
montana,9.5,6067.0,24947923.0,14961561.0,
nebraska,8.84,10256.0,37910898.0,32341170.0,
nevada,8.58,12863.0,41754584.0,39032042.0,CAISO
newhampshire,17.37,4463.0,17193254.0,10867268.0,ISONE
newjersey,14.01,17471.0,61433792.0,73070466.0,
newmexico,9.79,10806.0,35192365.0,25393743.0,
newyork,16.11,39890.0,124944935.0,141423778.0,NYISO
northcarolina,9.29,35020.0,129923364.0,135693077.0,
northdakota,8.65,9503.0,43032378.0,22863107.0,
ohio,9.76,29283.0,125948008.0,147717865.0,
oklahoma,8.52,29824.0,80754586.0,64525137.0,
oregon,8.95,16917.0,61016874.0,54135205.0,
pennsylvania,9.97,49766.0,241331434.0,143340154.0,
rhodeisland,18.44,2131.0,9322451.0,7398004.0,ISONE
southcarolina,9.96,24268.0,98390441.0,79792136.0,
southdakota,10.43,6280.0,17322409.0,13041391.0,
tennessee,9.78,21401.0,79057209.0,99621137.0,
texas,9.14,139751.0,481844256.0,435627878.0,
utah,8.34,9518.0,42565645.0,32677627.0,
vermont,16.34,834.0,2107703.0,5412696.0,ISONE
virginia,9.14,28515.0,93478182.0,125245196.0,
washington,8.75,30609.0,110808401.0,88198668.0,
westvirginia,8.87,14907.0,65836063.0,32777988.0,
wisconsin,11.01,16428.0,64276480.0,69426615.0,
wyoming,8.25,10096.0,43460744.0,15784712.0,
unitedstates,11.1,1145857.0,4108302835.0,3805874253.0,
